0,0,0.048337,3.2483e-06,0.98294,0.028376,1.8017e-06,0.9483,0.013931,7.1379e-07,0.95533,0.017129,1.3939e-06,0.98818,0.053676,8.1076e-06,0.96425
0.050125,0,0.047139,2.2256e-06,0.98081,0.030095,2.8158e-07,0.95147,0.012129,1.0544e-06,0.95113,0.017152,9.8138e-07,0.98272,0.058705,6.0268e-06,0.96271
0.10025,0,0.048975,1.8347e-06,0.97722,0.03235,5.2768e-06,0.95152,0.011037,1.471e-06,0.9508,0.015629,6.856e-07,0.98252,0.058868,3.1854e-06,0.96837
0.15038,0,0.046653,1.3705e-06,0.96869,0.031695,4.8385e-06,0.95142,0.0078123,2.3364e-07,0.94837,0.016661,2.3886e-06,0.98486,0.056886,6.7425e-06,0.96838
0.2005,0,0.041787,3.0742e-06,0.96557,0.031332,3.1087e-07,0.95209,0.00067899,2.7817e-06,0.95006,0.015643,1.0543e-06,0.9819,0.059958,4.2112e-06,0.96757
0.25063,0,0.042002,4.8908e-07,0.95937,0.034883,1.2558e-06,0.95062,0.0047408,1.0812e-06,0.94959,0.014425,7.1704e-07,0.9751,0.056394,9.2231e-06,0.97326
0.30075,0,0.04318,1.8907e-06,0.95962,0.026891,0,0.94848,0.0024869,4.8889e-07,0.95096,0.02174,4.344e-06,0.97469,0.048469,8.2983e-06,0.97401
0.35088,0,0.041221,0,0.96256,0.023729,1.8566e-06,0.94991,0.0023487,2.3937e-06,0.95445,0.017541,2.5858e-06,0.96947,0.046986,4.4959e-06,0.97455
0.401,0,0.045525,3.3993e-06,0.96248,0.017751,1.8152e-07,0.95027,0.0028581,4.595e-06,0.95718,0.01375,1.6946e-06,0.97059,0.047558,5.2363e-06,0.97562
0.45113,0,0.041863,7.3753e-06,0.96302,0.017212,1.1682e-06,0.95123,0.0052872,7.1704e-07,0.96067,0.010439,7.4096e-08,0.96977,0.043966,4.2308e-06,0.97551
0.50125,0,0.037698,4.1804e-06,0.9656,0.017789,3.5475e-06,0.95136,0.00661,0,0.96264,0.010788,0,0.9632,0.043565,1.392e-06,0.97832
0.55138,0,0.035825,2.6543e-06,0.96422,0.023919,7.7079e-07,0.9514,0.01011,0,0.96368,0.013126,8.8495e-07,0.96028,0.043068,1.2871e-07,0.97906
0.6015,0,0.036314,5.7007e-08,0.9708,0.026576,5.7704e-06,0.95517,0.012278,1.7598e-06,0.9565,0.013572,2.5947e-06,0.96299,0.050184,4.2135e-06,0.97673
0.65163,0,0.037279,7.3269e-07,0.97351,0.027969,1.7987e-06,0.95694,0.010189,2.7466e-06,0.95785,0.013949,1.1882e-06,0.9617,0.043766,3.4558e-06,0.97809
0.70175,0,0.039752,1.5244e-06,0.97829,0.031736,3.0167e-06,0.95353,0.0044742,2.7952e-06,0.95908,0.0167,1.6566e-06,0.96563,0.041419,2.2534e-06,0.98531
0.75188,0,0.048268,1.9189e-06,0.97741,0.032098,1.5097e-06,0.95873,0.0025149,3.0831e-06,0.96466,0.014365,1.2892e-06,0.97405,0.044997,2.4874e-06,0.97965
0.80201,0,0.05341,4.8805e-06,0.98128,0.039386,1.376e-06,0.95499,0.0085383,5.8939e-08,0.96733,0.015364,1.1739e-06,0.97849,0.044023,2.8683e-06,0.9792
0.85213,0,0.04869,1.4706e-06,0.98266,0.035303,6.3478e-06,0.95402,0.011423,1.5172e-06,0.9706,0.01344,2.4142e-06,0.98121,0.047027,1.1533e-06,0.97935
0.90226,0,0.050104,2.984e-06,0.98963,0.037022,1.3859e-06,0.95849,0.014421,3.7055e-06,0.96893,0.014334,0,0.97928,0.047076,6.9948e-07,0.97882
0.95238,0,0.048243,4.7148e-06,0.99411,0.035196,1.233e-06,0.95828,0.015109,6.4025e-07,0.96577,0.0068167,1.5327e-06,0.98331,0.048894,2.7615e-07,0.97702
1.0025,0,0.048272,8.8382e-07,0.9963,0.0307,3.4838e-06,0.95361,0.015376,1.3549e-06,0.96874,0.004949,3.4137e-06,0.98631,0.045826,2.4172e-07,0.97709
1.0526,0,0.043491,4.0945e-06,0.99217,0.029656,3.5233e-07,0.9579,0.01347,4.2043e-06,0.96783,0.0073268,3.537e-06,0.99022,0.047572,1.9748e-06,0.97841
1.1028,0,0.045873,5.9723e-06,0.99342,0.027837,5.0374e-06,0.96093,0.01362,1.3513e-07,0.96725,0.0070431,1.342e-06,0.99121,0.044266,2.629e-06,0.9744
1.1529,0,0.043645,5.1278e-06,0.99292,0.023641,1.7844e-06,0.96283,0.0089837,0,0.96871,0.0072405,1.5673e-06,0.98247,0.046402,1.9397e-06,0.97334
1.203,0,0.041285,3.0277e-07,0.99527,0.028515,4.8084e-06,0.96334,0.0076389,1.5358e-06,0.97518,0.0015862,8.8554e-07,0.98267,0.047329,2.3892e-06,0.96893
1.2531,0,0.041644,6.033e-07,0.9934,0.030379,1.0964e-06,0.96937,0.0029898,5.1006e-06,0.97809,0.002763,1.6068e-06,0.98621,0.045761,2.7195e-06,0.96985
1.3033,0,0.038347,2.4941e-06,0.9956,0.027442,3.2456e-06,0.97085,0.0066021,6.1535e-06,0.97526,0.0037727,1.0479e-06,0.99008,0.045289,5.9563e-07,0.9759
1.3534,0,0.037696,1.9339e-06,0.99571,0.029221,3.2643e-06,0.96928,1.1069e-06,9.3254e-07,0.97807,0.0087614,1.475e-06,0.99651,0.049008,1.0722e-06,0.97643
1.4035,0,0.040291,1.4818e-06,0.99859,0.032943,3.2939e-07,0.96438,0.0027266,2.281e-06,0.97849,0.0099772,1.4738e-06,0.99715,0.050372,0,0.98049
1.4536,0,0.035486,1.9177e-06,0.99299,0.035175,1.0329e-06,0.95917,0.0070576,2.6768e-06,0.97374,0.014556,1.7466e-06,0.99376,0.049945,1.8481e-06,0.97692
1.5038,0,0.036395,5.268e-06,0.99187,0.033152,2.4144e-06,0.95251,0.0009486,7.8219e-07,0.97991,0.013443,1.1518e-06,0.99717,0.055194,0,0.97421
1.5539,0,0.043,0,0.99294,0.030541,3.1218e-06,0.9569,0.0042997,1.494e-06,0.97973,0.01343,2.1389e-06,0.99946,0.054605,1.0549e-06,0.97378
1.604,0,0.048362,1.1163e-06,0.99163,0.035183,2.8914e-06,0.95154,0.0054759,2.7331e-06,0.974,0.0087131,3.3097e-07,0.9992,0.053952,0,0.96812
1.6541,0,0.050822,0,0.9957,0.038228,5.5096e-06,0.93979,0.0039334,9.9136e-09,0.97521,0.010186,0,0.99648,0.050835,3.1338e-06,0.96759
1.7043,0,0.051405,1.0976e-06,0.99166,0.044686,2.4618e-06,0.93485,0.0051489,1.3999e-06,0.98411,0.0077319,3.0137e-06,0.99609,0.046734,3.5024e-06,0.96683
1.7544,0,0.052212,1.0866e-06,0.99943,0.044002,2.651e-06,0.93351,1.6149e-05,2.9687e-06,0.98382,0.0040586,3.1427e-06,0.99949,0.038652,1.6625e-06,0.95938
1.8045,0,0.049277,1.622e-06,0.99729,0.051857,2.1624e-06,0.92824,0.0006662,2.504e-06,0.98297,0.0045481,3.4302e-06,0.99773,0.040493,3.4194e-06,0.95526
1.8546,0,0.046748,4.9287e-06,0.9995,0.05356,0,0.93072,0.0029154,5.2664e-07,0.98629,0.0070469,2.4707e-06,0.99669,0.0386,3.5497e-06,0.95491
1.9048,0,0.050543,7.1676e-07,0.99671,0.045562,3.9574e-06,0.92557,0.0033769,0,0.9889,0.0089474,5.6372e-07,0.9996,0.030054,8.1265e-07,0.95604
1.9549,0,0.047211,3.0483e-06,0.99974,0.045105,7.4817e-06,0.92169,0.00041242,2.6966e-06,0.99435,0.0067519,0,0.99843,0.028693,7.7441e-08,0.95582
2.005,0,0.042574,9.0695e-07,0.99559,0.048879,2.5613e-06,0.92419,0.0013528,2.9204e-06,0.9921,0.0074206,2.9528e-06,0.99619,0.025854,1.1231e-06,0.95998
2.0551,0,0.042284,2.2719e-06,0.99161,0.045805,1.1872e-06,0.92488,0.0019439,0,0.9885,0.010044,4.5491e-08,0.994,0.02633,2.7921e-06,0.96025
2.1053,0,0.035689,8.4214e-07,0.99126,0.050545,5.4396e-06,0.92396,0.00024444,1.4873e-06,0.99284,0.01244,2.9285e-06,0.99245,0.025623,3.1031e-06,0.96837
2.1554,0,0.033974,2.43e-06,0.99214,0.052915,4.3519e-06,0.93151,0.0010415,8.2257e-07,0.98933,0.014868,1.2912e-07,0.99107,0.026955,4.6975e-06,0.97355
2.2055,0,0.027573,7.5898e-07,0.99586,0.056146,3.5928e-06,0.92556,0.00073253,1.5037e-06,0.98646,0.010903,5.7587e-07,0.98808,0.024617,3.1635e-06,0.97837
2.2556,0,0.029679,6.1474e-07,0.99758,0.056517,4.6743e-06,0.9223,0.0035573,6.7985e-07,0.98823,0.011214,0,0.99077,0.022118,1.356e-06,0.97509
2.3058,0,0.024536,6.2576e-07,1,0.058203,4.2124e-06,0.92776,0.0060213,1.9518e-06,0.99036,0.011828,1.1575e-06,0.99139,0.027784,1.213e-06,0.97827
2.3559,0,0.025962,3.5055e-06,0.9998,0.052887,2.9887e-07,0.92931,0.010333,2.4488e-06,0.99079,0.011748,1.2443e-06,0.99139,0.022508,1.5462e-06,0.97143
2.406,0,0.026331,2.1853e-06,0.99155,0.054062,4.4985e-06,0.92554,0.0027627,1.4289e-06,0.99085,0.0090904,1.1937e-06,0.98948,0.025638,3.2008e-06,0.97394
2.4561,0,0.029366,2.6456e-06,0.99501,0.054145,2.7199e-07,0.92926,0.002529,1.1257e-07,0.98994,0.0040501,3.4186e-06,0.99223,0.022254,7.2847e-06,0.97565
2.5063,0,0.028855,5.3002e-06,0.99159,0.055808,5.697e-06,0.93149,0.00014827,5.7842e-07,0.99123,0.003854,1.8054e-06,0.99425,0.024774,3.1853e-07,0.98157
2.5564,0,0.024655,2.9694e-07,0.99272,0.054426,7.1204e-06,0.92765,0.0048017,2.5339e-06,0.99144,0.0071661,0,0.99498,0.028481,1.6876e-07,0.97603
2.6065,0,0.022223,1.0975e-06,0.98902,0.050539,7.5311e-06,0.93073,0.0024454,3.6585e-06,0.99034,0.010924,6.916e-07,0.99383,0.031263,3.4269e-06,0.97319
2.6566,0,0.023924,3.4279e-06,0.98967,0.047334,7.8053e-06,0.94247,0.0019578,1.2616e-06,0.98454,0.013392,5.0969e-07,0.99432,0.035443,3.4766e-06,0.97573
2.7068,0,0.024013,2.0894e-07,0.98666,0.046482,5.4204e-06,0.9462,0.00055477,4.7827e-06,0.98162,0.0062097,1.7537e-06,0.99468,0.039191,7.0633e-07,0.97892
2.7569,0,0.022414,1.7679e-08,0.99115,0.052476,3.7395e-06,0.94715,0.0035587,2.8202e-06,0.98589,0.0086914,2.2332e-06,0.99554,0.035415,7.8542e-07,0.97971
2.807,0,0.024677,1.8642e-06,0.99129,0.052885,4.2136e-06,0.94434,0.0034953,1.1073e-06,0.98299,0.0087432,2.7375e-06,0.99893,0.030995,3.8175e-07,0.97909
2.8571,0,0.026316,3.8814e-06,0.99085,0.045633,4.7976e-06,0.9388,0.008373,1.1265e-06,0.98645,0.0075496,2.8927e-06,0.99953,0.033581,2.6841e-07,0.98632
2.9073,0,0.02618,2.372e-06,0.98562,0.048015,2.5544e-06,0.93754,0.0080901,2.8085e-06,0.98461,0.0059375,6.2317e-07,0.99844,0.033461,8.4379e-07,0.9888
2.9574,0,0.028606,3.9347e-06,0.98162,0.052562,1.6717e-06,0.93602,0.002186,5.5092e-08,0.98325,0.011586,6.1288e-06,1,0.033719,1.013e-06,0.99185
3.0075,0,0.032635,3.8662e-06,0.97431,0.055112,6.1397e-06,0.93117,0.0043367,3.8119e-07,0.98665,0.011648,6.2104e-06,0.99487,0.033981,3.6941e-06,0.98801
3.0576,0,0.025815,2.2103e-06,0.98039,0.050109,1.6212e-06,0.93315,0.001672,4.2562e-07,0.9845,0.014297,1.456e-06,0.98426,0.034878,1.6919e-06,0.99093
3.1078,0,0.020022,1.3841e-06,0.98703,0.053752,4.1704e-06,0.93946,0.0027433,2.4614e-07,0.98337,0.012125,6.8205e-07,0.97962,0.033723,3.0732e-07,0.99552
3.1579,0,0.020568,2.7363e-06,0.98247,0.049554,3.6077e-06,0.94474,0.0037158,8.1596e-08,0.98398,0.013871,4.5564e-07,0.98375,0.036709,1.034e-06,0.99888
3.208,0,0.016111,6.9842e-07,0.97615,0.047631,1.5949e-06,0.9508,0.00018215,0,0.98523,0.007531,1.2389e-06,0.98126,0.032057,6.2377e-06,0.99591
3.2581,0,0.017568,1.5952e-06,0.98083,0.048505,2.9413e-07,0.95116,0.0038805,2.1548e-06,0.98791,0.0050482,6.5202e-07,0.98003,0.029346,5.1511e-06,0.99396
3.3083,0,0.011834,1.5969e-06,0.98419,0.044012,5.482e-06,0.95584,0.00017593,1.9066e-07,0.98995,0.0058168,1.9363e-06,0.98061,0.026739,8.4651e-07,0.98345
3.3584,0,0.0068953,2.4441e-06,0.99003,0.040825,8.0481e-06,0.95682,0.0018154,0,0.99498,0.0067322,3.9375e-06,0.97708,0.032348,3.4343e-06,0.98315
3.4085,0,0.0033391,2.5278e-06,0.98747,0.043041,5.7163e-06,0.95455,0.0013501,1.9483e-06,0.99479,0.0093144,2.7463e-07,0.98171,0.036559,3.7462e-06,0.98084
3.4586,0,0.0017923,1.0856e-07,0.98501,0.039256,2.5386e-06,0.95603,0.0031953,2.7473e-06,0.99532,0.00020934,1.4303e-06,0.98313,0.034446,0,0.98206
3.5088,0,0.0036666,5.1233e-06,0.9839,0.036463,4.8688e-06,0.95287,0.0036943,6.2509e-07,0.99512,0.00027374,7.9728e-07,0.98347,0.031963,5.9259e-07,0.98123
3.5589,0,0.0016126,9.64e-07,0.97886,0.033504,5.1475e-06,0.95575,0.0015516,3.7594e-06,0.99717,0.00092623,4.5547e-07,0.98432,0.031671,5.1975e-07,0.97949
3.609,0,0.0042639,1.6183e-06,0.98138,0.03653,5.0705e-06,0.95132,0.00056037,1.7379e-06,0.99848,0.0086461,0,0.99044,0.032088,1.0099e-06,0.97839
3.6591,0,0.00079173,3.1323e-06,0.98434,0.032182,9.2827e-07,0.94419,0.0072915,4.1608e-07,0.99491,0.0089919,2.8107e-06,0.98384,0.035357,9.7989e-07,0.97811
3.7093,0,0.0023772,2.2764e-06,0.98402,0.034277,9.9181e-07,0.94204,0.0085727,3.0079e-06,0.99121,0.012106,1.3429e-06,0.98256,0.033789,0,0.98107
3.7594,0,0.0044304,3.2217e-07,0.98209,0.032683,2.1969e-07,0.94536,0.007086,3.425e-06,0.98532,0.014476,7.2599e-07,0.98673,0.037217,2.1145e-07,0.97842
3.8095,0,3.1547e-05,1.6597e-06,0.98152,0.03128,2.1745e-06,0.94596,0.0077283,3.8079e-06,0.98942,0.019111,0,0.99246,0.036782,8.3666e-07,0.98412
3.8596,0,0.0031314,3.2529e-06,0.97774,0.034891,1.905e-06,0.94171,0.0079719,4.0515e-06,0.99012,0.017325,3.2675e-06,0.99452,0.034208,2.2042e-06,0.97804
3.9098,0,0.001445,1.6219e-06,0.9756,0.037064,4.1178e-07,0.94274,0.0088918,1.9521e-06,0.99261,0.023264,1.0963e-06,0.99216,0.026958,0,0.97248
3.9599,0,0.0070476,2.0663e-06,0.97784,0.043862,7.5263e-07,0.94245,0.014721,2.2316e-06,0.99643,0.023681,0,0.99144,0.032139,1.3945e-06,0.97797
4.01,0,0.0040457,3.8346e-06,0.98073,0.043679,1.7321e-06,0.94184,0.012485,3.5075e-06,0.99615,0.026052,4.742e-06,0.99735,0.036166,6.1257e-07,0.97871
4.0602,0,0.0069722,1.2491e-06,0.9819,0.040592,3.3767e-06,0.94262,0.01253,0,0.99845,0.028604,5.125e-06,0.99835,0.036123,0,0.97523
4.1103,0,0.0024399,4.6779e-07,0.98699,0.034417,6.1923e-07,0.94431,0.013585,4.9616e-07,0.99975,0.0273,1.5255e-06,0.99985,0.039312,1.6057e-06,0.9779
4.1604,0,0,5.1049e-06,0.9823,0.036338,1.8973e-06,0.94213,0.011497,2.356e-06,0.99675,0.031082,1.2371e-06,0.99436,0.03811,1.5073e-06,0.97571
4.2105,0,0.00040984,2.8832e-06,0.98167,0.039221,2.8408e-06,0.94222,0.011444,0,0.9943,0.0308,2.4137e-07,0.99638,0.037693,4.135e-07,0.98109
4.2607,0,0.0077933,1.3583e-06,0.97914,0.041711,6.1027e-06,0.94485,0.014157,5.5965e-07,0.99392,0.029635,4.672e-06,0.99319,0.034609,9.7325e-07,0.97829
4.3108,0,0.0025027,1.0802e-06,0.98585,0.045463,2.0242e-06,0.95082,0.018753,1.0373e-06,0.98808,0.02452,7.109e-07,0.99409,0.042308,4.7707e-06,0.97652
4.3609,0,0.0027445,4.8108e-06,0.98372,0.041232,3.6618e-06,0.95299,0.018509,2.4139e-06,0.98863,0.019548,1.1009e-06,0.99835,0.036852,2.6392e-06,0.97841
4.411,0,0.00070759,0,0.98112,0.044486,4.202e-06,0.95637,0.025095,1.5805e-06,0.98886,0.022086,1.1516e-06,1,0.036688,6.2514e-08,0.98099
4.4612,0,0,7.5524e-07,0.97789,0.044956,2.3596e-06,0.95737,0.020014,3.9334e-07,0.98965,0.016674,6.9565e-07,0.99929,0.036742,1.1143e-06,0.98307
4.5113,0,0.0033517,1.3539e-06,0.97375,0.049589,8.3292e-07,0.95765,0.016585,3.8353e-06,0.98803,0.015205,2.7264e-06,0.99816,0.04411,2.054e-06,0.98076
4.5614,0,0.00087024,1.5914e-06,0.97383,0.04919,2.0536e-06,0.95887,0.018439,3.7041e-07,0.99057,0.013891,2.3712e-07,0.99594,0.046231,3.0319e-06,0.98227
4.6115,0,0.00055798,1.4866e-06,0.97117,0.052803,6.6872e-06,0.96045,0.018064,2.3495e-06,0.99342,0.012218,3.8124e-07,0.99861,0.046274,9.3029e-07,0.97982
4.6617,0,0.001696,4.1344e-06,0.97183,0.049146,5.0984e-06,0.96616,0.01788,2.6376e-06,0.99419,0.012774,1.3884e-06,0.99863,0.040154,1.1923e-06,0.98502
4.7118,0,0.0029049,5.9197e-07,0.97029,0.050476,5.3611e-06,0.96222,0.022866,4.7084e-06,0.99258,0.011013,9.0003e-07,0.99489,0.029605,1.4845e-07,0.98952
4.7619,0,0.0040209,2.3602e-06,0.97129,0.051165,4.1448e-06,0.9612,0.024871,0,0.9847,0.012184,8.581e-07,0.99526,0.031814,2.4466e-06,0.9899
4.812,0,0.0098791,1.6011e-06,0.97005,0.047623,3.6604e-06,0.96013,0.035167,0,0.98774,0.015657,3.7763e-06,0.98558,0.034686,0,0.98348
4.8622,0,0.012585,1.7355e-06,0.97081,0.04597,3.8709e-06,0.95476,0.032132,1.2352e-06,0.98803,0.015806,1.6009e-06,0.98674,0.033054,6.4566e-07,0.97856
4.9123,0,0.016951,2.1313e-06,0.97007,0.037906,1.247e-06,0.95298,0.035772,0,0.98758,0.018694,3.3514e-07,0.98583,0.033274,1.6409e-06,0.97401
4.9624,0,0.016469,9.1059e-07,0.97061,0.039279,2.2797e-06,0.95588,0.036478,0,0.98665,0.018931,4.1773e-07,0.98908,0.030375,4.0535e-07,0.97537
5.0125,0,0.015612,1.7858e-07,0.96988,0.035052,4.6769e-06,0.94922,0.033147,2.4204e-06,0.98875,0.014081,4.4369e-07,0.98555,0.026216,5.1105e-07,0.97284
5.0627,0,0.0094831,4.8616e-06,0.96657,0.031689,7.5628e-06,0.95131,0.032399,3.6225e-07,0.98682,0.017352,0,0.99082,0.030382,4.3716e-06,0.97348
5.1128,0,0.0070037,2.7378e-06,0.96352,0.028618,1.7151e-06,0.95157,0.033275,2.297e-06,0.98243,0.014729,0,0.99171,0.030553,4.3588e-06,0.97583
5.1629,0,0.0054796,1.1266e-07,0.96388,0.029714,1.1537e-06,0.94902,0.034519,0,0.98392,0.013054,2.3948e-06,0.99339,0.03315,1.5905e-07,0.97768
5.213,0,0.0070115,8.217e-07,0.96311,0.032627,1.5541e-06,0.9473,0.03532,9.4608e-07,0.98095,0.013437,2.3721e-08,0.99802,0.035754,2.261e-06,0.96999
5.2632,0,0.0061579,1.8184e-06,0.96183,0.03634,1.5093e-06,0.94093,0.035632,4.7512e-07,0.98563,0.018328,2.8521e-07,0.9914,0.04077,9.3692e-07,0.97458
5.3133,0,0.0041579,0,0.96194,0.038113,1.7844e-06,0.94533,0.033373,1.6973e-06,0.98296,0.020603,5.3429e-07,0.99088,0.040394,3.231e-06,0.9766
5.3634,0,0.0037327,2.0268e-06,0.96083,0.03695,3.6281e-08,0.94588,0.026635,1.2405e-06,0.98086,0.02408,2.828e-06,0.99238,0.039229,5.838e-07,0.97513
5.4135,0,0.0090692,1.046e-06,0.95926,0.040023,2.8823e-06,0.94421,0.031084,5.9117e-07,0.98068,0.020581,2.7991e-06,0.99012,0.03718,9.2384e-07,0.97588
5.4637,0,0.0011948,2.8977e-06,0.96396,0.039367,1.8596e-06,0.94511,0.029061,5.7263e-07,0.98501,0.022428,4.0765e-07,0.98769,0.036965,1.4369e-06,0.977
5.5138,0,0.0069062,9.6825e-08,0.96104,0.040361,0,0.95257,0.028763,9.7245e-07,0.98478,0.019342,4.9982e-07,0.987,0.034338,5.521e-06,0.97827
5.5639,0,0.0089305,9.5114e-08,0.96735,0.044381,3.4978e-07,0.94983,0.031143,6.4665e-07,0.98136,0.019695,0,0.99297,0.034754,1.3764e-06,0.98036
5.614,0,0.0054533,2.7882e-06,0.96612,0.045743,5.683e-06,0.94966,0.033396,8.4011e-07,0.98286,0.019319,1.1225e-07,0.99553,0.035428,9.9798e-07,0.97776
5.6642,0,0.0056974,2.1778e-06,0.96712,0.043116,9.3231e-06,0.95103,0.026005,7.6008e-07,0.98483,0.016729,3.7332e-07,0.99894,0.034087,2.2808e-06,0.97873
5.7143,0,0.0038618,8.4854e-07,0.9675,0.045022,7.7418e-06,0.94581,0.023418,2.3269e-06,0.98849,0.013279,3.0198e-06,1,0.038217,5.6582e-06,0.97515
5.7644,0,0.0073242,5.4274e-07,0.96596,0.04452,8.978e-06,0.94866,0.023874,2.1093e-06,0.98859,0.011182,2.4461e-06,0.99849,0.038143,6.2197e-06,0.98023
5.8145,0,0.010087,9.3309e-07,0.96187,0.046871,8.6693e-06,0.94913,0.026483,7.3969e-07,0.98951,0.0095938,1.0054e-06,0.99825,0.035535,3.9589e-06,0.97842
5.8647,0,0.011414,4.4759e-06,0.95733,0.044703,5.558e-06,0.94886,0.029797,2.9188e-06,0.99238,0.0041838,2.9565e-06,0.99704,0.030865,2.5663e-06,0.97792
5.9148,0,0.013365,2.1743e-06,0.95355,0.046386,3.2738e-06,0.94802,0.028598,5.0812e-06,0.98812,0.0035147,4.6685e-07,0.99346,0.032449,2.8729e-06,0.97346
5.9649,0,0.014208,3.7986e-06,0.95335,0.047994,3.4124e-06,0.95078,0.028462,1.891e-06,0.99172,0.00015978,1.0371e-06,0.99489,0.034754,2.585e-06,0.97371
6.015,0,0.013656,1.1047e-06,0.95175,0.049791,1.0684e-06,0.94766,0.027384,5.4052e-08,0.99085,0.0066795,1.7737e-06,0.99522,0.035608,2.102e-06,0.97644
6.0652,0,0.014416,1.5298e-06,0.95196,0.050863,4.4321e-06,0.94711,0.028946,8.1134e-07,0.99302,0.0089673,7.1074e-07,0.99168,0.035982,2.9115e-07,0.97186
6.1153,0,0.011743,9.6966e-07,0.95457,0.049846,4.1061e-07,0.95106,0.028103,9.5099e-07,0.98932,0.0080216,6.2951e-07,0.98476,0.033945,2.6321e-06,0.97314
6.1654,0,0.010602,3.481e-06,0.953,0.05603,1.7731e-06,0.95674,0.033161,1.6309e-06,0.98965,0.011586,2.2047e-06,0.98521,0.031834,2.7836e-06,0.97907
6.2155,0,0.0047179,7.2959e-06,0.94579,0.05464,6.159e-06,0.95905,0.036803,5.8542e-07,0.98653,0.016619,7.0573e-07,0.98807,0.027849,8.5047e-07,0.98312
6.2657,0,0.00687,1.6352e-06,0.94922,0.054736,5.133e-06,0.9554,0.03564,2.5638e-07,0.98108,0.018282,9.143e-07,0.99047,0.018704,2.5305e-06,0.98774
6.3158,0,0.014863,5.8205e-07,0.95611,0.052647,2.1873e-06,0.95205,0.032339,1.303e-06,0.98483,0.013875,1.3885e-06,0.98934,0.020555,2.891e-06,0.98803
6.3659,0,0.016653,1.4136e-06,0.95682,0.052953,5.5371e-06,0.95051,0.030645,1.7664e-06,0.98328,0.013546,8.9122e-08,0.99108,0.019838,2.4236e-06,0.98519
6.416,0,0.016989,7.7452e-08,0.95162,0.053707,9.2758e-06,0.95222,0.030213,9.9572e-07,0.98349,0.017104,0,0.99317,0.017927,4.2173e-06,0.98381
6.4662,0,0.020385,0,0.9538,0.051588,1.0359e-05,0.95237,0.035214,8.3541e-07,0.98478,0.01754,1.7275e-07,0.99313,0.014684,3.6297e-06,0.98867
6.5163,0,0.02009,8.6899e-07,0.95247,0.051255,4.5719e-06,0.95194,0.034375,9.096e-07,0.98379,0.016792,5.1604e-06,0.99542,0.0083072,3.3488e-07,0.98611
6.5664,0,0.022418,6.5864e-06,0.94818,0.051318,2.5829e-06,0.94764,0.034766,2.3268e-06,0.98663,0.0088625,2.8017e-06,0.99542,0.010646,5.5483e-07,0.98608
6.6165,0,0.016684,5.8432e-07,0.94735,0.05203,2.3015e-06,0.94911,0.034457,3.1441e-06,0.98932,0.011169,8.3577e-07,0.99226,0.013874,1.6472e-06,0.98329
6.6667,0,0.016701,9.2112e-07,0.94979,0.046773,2.0656e-06,0.95277,0.030721,1.1841e-06,0.99349,0.013536,2.5628e-06,0.992,0.010753,3.3695e-08,0.98484
6.7168,0,0.015638,4.6486e-06,0.94952,0.049018,3.9643e-06,0.95216,0.03078,4.4745e-07,0.99323,0.015011,1.8468e-06,0.98562,0.0149,1.072e-06,0.98486
6.7669,0,0.01435,1.6151e-06,0.95545,0.045773,9.7085e-06,0.95574,0.036004,1.4567e-06,0.99623,0.01505,7.6984e-07,0.98944,0.01643,2.7407e-06,0.98531
6.817,0,0.019486,0,0.95134,0.045182,1.2565e-06,0.95128,0.035193,1.5049e-06,0.99428,0.015024,9.4309e-08,0.98407,0.017401,4.0357e-07,0.9807
6.8672,0,0.019861,1.0074e-06,0.95399,0.04105,5.1929e-06,0.9586,0.035592,4.7173e-06,0.99795,0.01564,2.3055e-06,0.98487,0.020691,7.1616e-07,0.98078
6.9173,0,0.019327,3.306e-06,0.95611,0.038165,6.2436e-06,0.95991,0.028245,3.5241e-06,0.99589,0.013754,3.414e-06,0.98187,0.021802,6.8271e-07,0.98018
6.9674,0,0.012795,1.6544e-06,0.95968,0.040459,1.93e-06,0.96296,0.026506,0,0.99424,0.024064,2.6293e-06,0.9852,0.022472,1.281e-06,0.97617
7.0175,0,0.0030798,3.3535e-06,0.95694,0.035703,1.1633e-06,0.95608,0.021215,4.5025e-07,0.99011,0.020184,2.6496e-06,0.98218,0.018069,2.576e-07,0.97802
7.0677,0,0.00019707,0,0.95234,0.039117,0,0.95631,0.022534,4.3176e-06,0.99057,0.026907,3.0902e-06,0.98324,0.021494,0,0.98081
7.1178,0,0,1.9128e-06,0.95437,0.032784,1.8091e-06,0.95956,0.022156,3e-06,0.9944,0.026451,1.0173e-06,0.98247,0.025256,3.7502e-06,0.98145
7.1679,0,0.003148,6.8219e-07,0.95121,0.033836,3.2169e-06,0.95854,0.019344,2.9813e-06,0.98982,0.028389,1.1269e-06,0.9866,0.023876,4.1581e-06,0.98229
7.218,0,0,0,0.95469,0.037175,8.6515e-08,0.96025,0.021313,1.0837e-07,0.98619,0.027827,2.5967e-06,0.98974,0.017755,2.2492e-06,0.97963
7.2682,0,0,6.0869e-07,0.95889,0.041287,1.1666e-06,0.96209,0.019161,6.8005e-08,0.98067,0.030649,2.5333e-06,0.9882,0.017668,1.1412e-06,0.98235
7.3183,0,0.0021311,1.4858e-07,0.96221,0.039452,3.3796e-06,0.96037,0.02066,1.6068e-06,0.98089,0.031312,0,0.99237,0.020241,4.161e-06,0.97396
7.3684,0,0.0037385,6.0972e-07,0.96412,0.044184,3.0371e-06,0.96233,0.016017,4.2729e-06,0.97997,0.024333,3.2305e-06,0.99149,0.01736,2.4378e-06,0.97172
7.4185,0,0.00112,2.5896e-06,0.96838,0.045021,5.9032e-06,0.94947,0.012203,1.149e-06,0.98143,0.019121,3.8294e-07,0.99237,0.015511,1.781e-06,0.9722
7.4687,0,0,1.5669e-07,0.96814,0.049658,2.7365e-06,0.95418,0.0095658,0,0.98019,0.024924,1.8301e-06,0.99268,0.011092,3.0468e-06,0.97158
7.5188,0,0.0056108,2.8093e-06,0.9688,0.049719,1.9427e-06,0.94869,0.015364,3.5608e-06,0.97434,0.021645,3.435e-07,0.99764,0.012483,2.2773e-06,0.96939
7.5689,0,0.00069362,8.6552e-07,0.97146,0.049107,3.5053e-06,0.9467,0.015862,3.5303e-08,0.97466,0.020481,3.7561e-06,0.99339,0.012375,1.3256e-06,0.97027
7.619,0,0.000769,0,0.97591,0.051691,8.6806e-07,0.95091,0.015726,2.4245e-06,0.98168,0.021961,5.2586e-07,0.99487,0.014671,1.5146e-06,0.96614
7.6692,0,0.0073025,2.7267e-06,0.97644,0.057463,3.3079e-06,0.9477,0.013689,1.8072e-06,0.98194,0.024195,6.3513e-07,0.99504,0.016674,1.7512e-06,0.96493
7.7193,0,0.0049542,2.6791e-06,0.97107,0.062066,6.0758e-06,0.94637,0.017808,9.6973e-07,0.97872,0.02193,6.5757e-07,0.99526,0.018156,2.0743e-06,0.96328
7.7694,0,0.007606,3.5028e-07,0.9729,0.065986,7.0139e-06,0.95112,0.016463,3.305e-07,0.98082,0.025246,9.9118e-07,0.99367,0.01931,4.8112e-06,0.96396
7.8195,0,0.013024,0,0.97676,0.062635,4.3087e-06,0.95048,0.015038,3.3932e-08,0.98883,0.027831,1.0529e-06,0.99072,0.021635,5.4091e-07,0.9689
7.8697,0,0.0087426,6.2515e-07,0.97748,0.059706,1.967e-06,0.94869,0.011067,5.3674e-06,0.98651,0.026263,2.3122e-07,0.99158,0.021881,8.9697e-07,0.96743
7.9198,0,0.0099431,1.9822e-06,0.97422,0.060887,3.1739e-06,0.94553,0.0086072,2.8801e-06,0.98863,0.028298,2.022e-07,0.99492,0.021322,9.7993e-08,0.96912
7.9699,0,0.0098568,9.4049e-07,0.9727,0.057944,1.7431e-06,0.95476,0.0094405,7.2448e-08,0.9877,0.026692,7.4748e-08,0.99349,0.021145,7.1175e-06,0.96836
8.0201,0,0.014936,8.027e-07,0.97646,0.056941,2.205e-07,0.95847,0.0097313,0,0.98022,0.031355,3.4681e-06,0.99132,0.016536,6.622e-06,0.96632
8.0702,0,0.014809,2.0712e-06,0.97736,0.049687,2.1246e-06,0.95733,0.0099213,9.9382e-07,0.97825,0.03394,1.2796e-06,0.9926,0.018854,3.2785e-06,0.96581
8.1203,0,0.013459,2.5067e-06,0.98191,0.049049,3.7755e-06,0.96215,0.012423,7.1134e-08,0.98197,0.033083,0,0.99067,0.021709,1.201e-06,0.96237
8.1704,0,0.021645,1.1873e-06,0.98445,0.048136,1.203e-06,0.96298,0.013936,0,0.98625,0.039089,2.0411e-06,0.99133,0.023324,7.3607e-07,0.96145
8.2206,0,0.024322,0,0.98904,0.050172,1.1455e-06,0.96407,0.020549,8.3431e-07,0.98737,0.036487,2.9756e-06,0.99228,0.026444,1.3681e-06,0.95492
8.2707,0,0.025455,4.3379e-06,0.99178,0.051242,8.4657e-07,0.96421,0.024742,4.0795e-07,0.98886,0.030074,2.5346e-06,0.9967,0.023682,1.693e-06,0.95472
8.3208,0,0.023937,2.9835e-06,0.99481,0.053923,1.6142e-06,0.95902,0.023197,4.6766e-06,0.98875,0.033136,3.0728e-06,0.99658,0.022381,1.2533e-06,0.9573
8.3709,0,0.019118,1.0769e-07,0.99992,0.056716,3.8276e-06,0.95964,0.022921,1.5006e-06,0.99003,0.039176,4.8032e-07,0.99726,0.023486,0,0.96145
8.4211,0,0.017134,5.0636e-07,0.99721,0.055645,8.6836e-06,0.9564,0.022482,2.7325e-06,0.99301,0.039734,5.371e-06,0.99581,0.021669,1.2753e-06,0.96808
8.4712,0,0.016039,2.1865e-06,0.99856,0.0508,4.8599e-06,0.95522,0.022612,2.5688e-06,0.98893,0.044722,6.354e-06,0.99084,0.01927,4.048e-06,0.96685
8.5213,0,0.02278,2.3159e-06,0.99845,0.051298,1.2578e-06,0.95512,0.021358,2.6582e-06,0.98798,0.046648,4.9975e-06,0.99125,0.014881,1.379e-06,0.96446
8.5714,0,0.025126,6.7165e-08,0.99966,0.052012,3.4961e-07,0.95895,0.017737,1.898e-06,0.98894,0.041541,6.4419e-06,0.98964,0.009893,2.5701e-06,0.96243
8.6216,0,0.026875,1.4133e-06,0.99931,0.054835,1.3527e-06,0.96025,0.012107,3.1861e-06,0.98992,0.039966,2.9542e-06,0.99406,0.0032411,5.6956e-06,0.96857
8.6717,0,0.02624,3.6938e-06,1,0.054478,7.7719e-07,0.95529,0.0066678,0,0.98228,0.040343,7.7041e-07,0.99874,0.00081704,0,0.96621
8.7218,0,0.029561,6.5116e-07,0.99385,0.05064,0,0.95929,0.0049085,5.1353e-06,0.98138,0.039584,2.5384e-06,0.99979,0.00013907,8.8796e-07,0.97019
8.7719,0,0.036863,3.8852e-06,0.99325,0.048,2.6214e-06,0.96307,0.010526,2.3247e-06,0.97855,0.037519,7.828e-06,0.99907,0.0010343,1.6062e-06,0.96828
8.8221,0,0.03793,6.8833e-06,0.98867,0.045558,1.9888e-06,0.9587,0.014514,0,0.98108,0.04348,4.8322e-06,0.99336,0.000913,9.2385e-07,0.97442
8.8722,0,0.040685,6.0092e-07,0.98712,0.048479,6.5113e-07,0.95859,0.015225,3.8148e-06,0.98384,0.044865,2.6026e-06,0.98872,0,1.0165e-06,0.97212
8.9223,0,0.038259,4.2604e-07,0.98991,0.047752,3.7758e-06,0.96398,0.014997,1.1718e-06,0.97955,0.045972,1.2342e-05,0.9908,0.00059148,5.0576e-07,0.97503
8.9724,0,0.040764,3.1255e-07,0.99263,0.048429,7.261e-07,0.96352,0.014705,9.1202e-07,0.98368,0.041337,1.512e-05,0.99162,0,5.3476e-07,0.97443
9.0226,0,0.039045,3.3701e-07,0.99512,0.049881,2.0422e-06,0.96624,0.012112,2.165e-06,0.98066,0.039674,3.701e-06,0.99165,0,7.2465e-07,0.97734
9.0727,0,0.037066,1.509e-06,0.99374,0.054187,0,0.9665,0.01445,1.275e-06,0.98101,0.03968,7.6432e-06,0.98755,0.0006134,0,0.972
9.1228,0,0.037986,2.1626e-06,0.98741,0.053777,2.8748e-06,0.96902,0.019662,0,0.98107,0.040073,4.8884e-06,0.98637,0,2.5725e-06,0.97802
9.1729,0,0.039569,2.9226e-06,0.98473,0.052279,5.4826e-06,0.96872,0.022587,2.5596e-06,0.98466,0.041847,2.1887e-06,0.98611,0.0080048,5.3574e-06,0.97748
9.2231,0,0.037852,9.8454e-06,0.98244,0.051061,5.8415e-06,0.97251,0.021366,1.7748e-06,0.98428,0.041537,3.5566e-06,0.98728,0.0090935,6.8898e-07,0.97671
9.2732,0,0.039242,3.831e-06,0.97782,0.050161,6.9652e-07,0.98185,0.027746,1.4457e-06,0.9883,0.032941,1.6296e-06,0.98936,0.017421,1.4803e-07,0.97703
9.3233,0,0.03835,1.321e-06,0.97773,0.045437,2.4554e-07,0.97978,0.030352,9.2753e-07,0.99226,0.030496,1.5132e-06,0.99427,0.017282,6.3907e-06,0.9769
9.3734,0,0.041435,1.6091e-06,0.97941,0.045553,1.89e-06,0.97785,0.032525,4.0064e-07,0.99975,0.032539,2.0699e-06,0.9955,0.01936,3.3984e-06,0.97407
9.4236,0,0.040197,1.6524e-07,0.98249,0.044011,2.8696e-08,0.975,0.03838,2.0159e-07,0.99845,0.035953,3.0273e-06,0.99281,0.020085,1.5448e-06,0.97591
9.4737,0,0.037855,9.3028e-07,0.98189,0.048188,1.422e-06,0.97721,0.037719,2.0696e-06,0.99732,0.036641,3.706e-06,0.99173,0.021018,1.3126e-06,0.97376
9.5238,0,0.040311,4.1087e-06,0.98666,0.047967,7.1681e-07,0.97214,0.038158,1.0489e-06,0.99736,0.03531,6.3519e-06,0.98945,0.022964,1.1115e-06,0.9748
9.5739,0,0.040157,7.1248e-06,0.98832,0.046154,9.4623e-08,0.97887,0.030788,1.7853e-06,0.99741,0.037189,3.9911e-06,0.99374,0.025434,5.2878e-07,0.98225
9.6241,0,0.033302,3.2562e-06,0.98765,0.044256,3.6914e-07,0.97343,0.034568,3.0432e-06,0.99618,0.037713,2.6463e-06,0.99403,0.0242,1.4115e-06,0.98721
9.6742,0,0.036626,1.03e-07,0.98578,0.045999,1.5369e-06,0.97594,0.033121,3.0986e-07,0.98815,0.0368,4.631e-06,0.98995,0.022618,6.6888e-07,0.98538
9.7243,0,0.041233,2.9456e-06,0.97906,0.040554,1.148e-05,0.97284,0.034351,1.7771e-07,0.98755,0.045938,1.5582e-06,0.9915,0.01905,1.3729e-06,0.98101
9.7744,0,0.039955,2.0203e-06,0.97967,0.039045,7.1889e-06,0.97688,0.03534,6.2823e-06,0.98786,0.046097,2.079e-07,0.98999,0.023235,5.3021e-07,0.98466
9.8246,0,0.044851,1.1495e-07,0.98288,0.037899,1.7648e-06,0.97453,0.034687,1.4075e-07,0.98556,0.046617,9.6492e-07,0.98964,0.025191,1.6245e-06,0.98379
9.8747,0,0.046432,2.807e-06,0.9894,0.04201,4.3333e-06,0.97703,0.031992,2.2108e-06,0.98794,0.047216,7.0012e-06,0.99298,0.018093,3.403e-07,0.97992
9.9248,0,0.043993,9.1532e-07,0.98642,0.041167,3.8341e-06,0.97728,0.036765,3.2264e-06,0.9891,0.045975,5.2897e-06,0.99243,0.017185,1.7852e-06,0.97893
9.9749,0,0.04338,2.7754e-07,0.98576,0.042087,7.0011e-06,0.97307,0.036527,1.0172e-06,0.99609,0.045344,1.5492e-07,0.98968,0.020587,1.8103e-06,0.98168
10.025,0,0.043202,2.7002e-06,0.98371,0.035455,3.2504e-06,0.97411,0.033606,0,0.99286,0.042228,6.4578e-06,0.98871,0.022976,1.0634e-06,0.98138
10.075,0,0.033091,7.5996e-07,0.98399,0.03198,2.2887e-06,0.97901,0.038026,4.4278e-07,0.99958,0.045447,1.4614e-07,0.99569,0.022993,2.7525e-06,0.97489
10.125,0,0.038503,2.2135e-06,0.99387,0.035375,4.82e-06,0.97756,0.035325,2.531e-06,0.99634,0.047392,1.0196e-06,0.99855,0.027209,1.4458e-06,0.97909
10.175,0,0.042814,3.7778e-08,0.99039,0.034898,4.5202e-06,0.97479,0.032902,6.3793e-07,0.99314,0.052249,1.2487e-06,0.99452,0.025425,1.3867e-06,0.97365
10.226,0,0.03982,3.6638e-06,0.9908,0.03256,4.3032e-06,0.98251,0.034673,6.4286e-06,0.98535,0.050956,1.6994e-07,0.99722,0.019802,0,0.97217
10.276,0,0.036251,1.539e-06,0.98867,0.034156,3.5973e-06,0.97472,0.029607,6.9839e-07,0.98862,0.048694,8.7286e-07,0.99878,0.021304,1.0236e-06,0.97166
10.326,0,0.039671,9.6441e-08,0.99098,0.034028,2.3603e-06,0.96827,0.028221,2.0507e-06,0.98725,0.048864,2.3036e-06,0.99926,0.014505,3.0083e-06,0.97508
10.376,0,0.040055,3.1978e-06,0.98824,0.037262,4.1045e-06,0.96506,0.024032,4.2149e-06,0.98561,0.048337,2.6645e-06,0.99865,0.012797,3.2652e-06,0.97792
10.426,0,0.036006,7.3288e-07,0.99016,0.038541,4.4368e-06,0.96302,0.021325,5.59e-07,0.98455,0.046658,3.0911e-06,0.99477,0.014865,7.9829e-07,0.97958
10.476,0,0.033917,2.3346e-06,0.98155,0.039429,3.0936e-06,0.95937,0.016945,5.1827e-06,0.98396,0.042404,3.2027e-07,0.99669,0.019137,0,0.97931
10.526,0,0.035459,3.2256e-06,0.9868,0.040469,2.8685e-06,0.96221,0.017316,3.085e-06,0.99027,0.037416,2.9039e-06,0.99733,0.019017,1.895e-06,0.98103
10.576,0,0.034807,2.1683e-07,0.99002,0.038256,4.1787e-06,0.96548,0.017231,4.1083e-06,0.99693,0.041978,1.6079e-06,0.99614,0.026025,1.2514e-06,0.97937
10.627,0,0.036763,1.8113e-06,0.99222,0.034846,7.303e-07,0.96985,0.022247,3.3786e-06,0.99496,0.041254,1.3811e-06,0.99453,0.02705,1.4361e-06,0.98997
10.677,0,0.034444,6.861e-06,0.99284,0.040799,2.6598e-06,0.96547,0.022684,2.6115e-06,0.99729,0.038993,2.0917e-06,0.99405,0.027871,4.8344e-06,0.99054
10.727,0,0.026421,3.6618e-06,0.98948,0.04341,1.9543e-06,0.96186,0.025041,0,0.99843,0.033688,6.8756e-07,0.99765,0.026646,6.7823e-06,0.9911
10.777,0,0.026114,6.9753e-07,0.98661,0.043555,6.0824e-06,0.95485,0.020442,6.033e-07,0.994,0.026343,2.9344e-06,0.99548,0.027019,5.4619e-06,0.98968
10.827,0,0.024142,4.4005e-07,0.99149,0.037888,6.7092e-06,0.95423,0.016399,6.5966e-06,0.99631,0.029408,4.5224e-06,0.99888,0.025103,8.7787e-07,0.99055
10.877,0,0.024319,7.6566e-07,0.99301,0.039562,4.2926e-06,0.95621,0.015774,3.1989e-06,0.99245,0.025313,0,0.99481,0.021905,1.1147e-06,0.99107
10.927,0,0.027285,2.0877e-07,0.99053,0.041633,3.9792e-06,0.9547,0.020607,1.2382e-06,0.99385,0.022607,1.0901e-06,0.99752,0.024715,8.8316e-07,0.99167
10.977,0,0.031974,1.7977e-06,0.99117,0.045215,5.7057e-06,0.95349,0.023515,1.2215e-06,0.99847,0.021449,2.8256e-06,0.99553,0.021787,2.5539e-06,0.9954
11.028,0,0.032693,2.1042e-06,0.99391,0.042098,9.6784e-06,0.95265,0.022885,5.5786e-06,0.99821,0.016238,2.7221e-06,0.99661,0.018837,1.9552e-06,0.9986
11.078,0,0.031687,1.8084e-06,0.99062,0.042688,8.5196e-06,0.95327,0.02691,1.4644e-06,0.9982,0.022278,3.0122e-06,0.99824,0.015171,8.7814e-07,0.99583
11.128,0,0.029338,5.0928e-07,0.99034,0.049089,7.4145e-06,0.95539,0.028881,4.4826e-07,0.99281,0.021347,4.3692e-07,0.9998,0.016215,1.0242e-06,0.99663
11.178,0,0.028071,8.0164e-07,0.99024,0.043275,1.9947e-06,0.95332,0.034875,2.2146e-06,0.99436,0.022957,1.8341e-06,0.99544,0.013608,6.0331e-07,0.99058
11.228,0,0.032179,2.3028e-07,0.9913,0.039314,4.1421e-06,0.95312,0.036215,2.7245e-06,0.99615,0.024712,2.6981e-06,0.99667,0.017262,1.5414e-06,0.98928
11.278,0,0.039072,6.8341e-07,0.99364,0.037914,2.8298e-06,0.95136,0.033399,3.5215e-06,0.99457,0.02897,1.2075e-06,0.99787,0.016577,7.3055e-07,0.99079
11.328,0,0.03704,1.4658e-07,0.99051,0.036124,3.1816e-06,0.95103,0.03756,9.7773e-07,0.99529,0.035059,8.0486e-06,0.9964,0.01835,5.0331e-06,0.99032
11.378,0,0.03525,1.5547e-06,0.99243,0.037599,6.6259e-07,0.94961,0.042296,1.9212e-07,0.99214,0.035773,1.2351e-05,0.9987,0.012757,3.8445e-06,0.9942
11.429,0,0.034347,2.0585e-06,0.99548,0.034392,0,0.95259,0.04265,1.7199e-06,0.99604,0.038737,7.4237e-06,0.99998,0.01376,1.1643e-06,0.99626
11.479,0,0.028477,1.8593e-06,1,0.032368,2.4408e-06,0.94986,0.045548,3.0802e-06,0.99966,0.033935,1.9173e-06,1,0.012736,2.8982e-06,0.99645
11.529,0,0.030833,3.5784e-06,0.99736,0.035752,3.0712e-06,0.94532,0.047405,2.4827e-06,0.99704,0.031654,4.6186e-06,0.99955,0.012933,3.7818e-07,0.99851
11.579,0,0.031878,2.4029e-06,0.99838,0.038119,1.6259e-06,0.9483,0.053671,5.5791e-07,0.99882,0.030493,3.8318e-06,0.99588,0.018077,4.687e-07,0.99906
11.629,0,0.03103,1.983e-06,0.99562,0.035583,7.1313e-06,0.94345,0.05625,5.4354e-06,0.9924,0.026029,0,0.99754,0.017312,5.1371e-06,1
11.679,0,0.028569,5.5726e-07,0.99005,0.033604,1.6624e-06,0.94056,0.057283,2.5854e-06,0.99214,0.026396,9.5565e-08,0.99502,0.011403,2.5723e-06,0.99766
11.729,0,0.035743,4.2126e-06,0.99177,0.029757,3.4956e-06,0.94161,0.057452,5.7943e-06,0.99462,0.031198,3.9517e-06,0.9962,0.004585,2.2163e-06,0.99953
11.779,0,0.037153,1.8884e-06,0.98937,0.025147,1.3522e-06,0.94249,0.061597,1.7715e-06,0.99134,0.028362,9.0682e-07,0.9969,0.0032481,0,0.99963
11.83,0,0.034976,4.7893e-07,0.99395,0.027919,1.9961e-06,0.94126,0.06189,4.0926e-06,0.99077,0.030909,1.1986e-06,0.99511,0.0048454,7.7117e-07,0.99578
11.88,0,0.031729,2.0202e-06,0.9914,0.031955,1.8093e-07,0.93548,0.060391,3.8167e-06,0.98991,0.029858,4.4841e-07,0.99919,0.00061857,1.9966e-07,0.9926
11.93,0,0.030466,3.4648e-06,0.99281,0.027573,1.1427e-06,0.93458,0.06304,8.2244e-06,0.99603,0.029409,1.1456e-06,0.9963,0.002644,5.6997e-07,0.99252
11.98,0,0.031241,1.7617e-06,0.9877,0.026726,3.5339e-06,0.92986,0.065763,1.0222e-05,0.99884,0.02947,4.9358e-06,0.99804,0.005586,1.1446e-06,0.99449
12.03,0,0.033273,1.5019e-06,0.98625,0.028309,5.2518e-07,0.93255,0.071482,1.6251e-05,0.99755,0.029122,1.4299e-06,0.99928,0.0022022,0,0.99872
12.08,0,0.030846,3.969e-06,0.99174,0.03218,1.4755e-06,0.92906,0.074586,1.6136e-05,0.99818,0.029997,2.8052e-06,0.99746,0.0033863,1.4665e-06,0.99749
12.13,0,0.031923,1.8149e-06,0.99293,0.031059,2.9288e-06,0.92855,0.077822,2.0555e-05,0.99531,0.02584,2.2206e-06,0.99879,0.0063528,1.1022e-06,0.99721
12.18,0,0.032351,0,0.98549,0.03634,3.5392e-06,0.92513,0.071017,2.3374e-05,0.99132,0.027251,2.6556e-07,1,0.0036869,0,0.99352
12.231,0,0.037475,2.4849e-06,0.98553,0.042846,7.9523e-06,0.92761,0.07186,3.4435e-05,0.98308,0.028501,6.3539e-07,0.9981,0.009703,2.0419e-06,0.9925
12.281,0,0.040044,4.8917e-07,0.979,0.045674,7.4418e-06,0.93088,0.069096,4.1257e-05,0.98613,0.031488,4.7162e-06,0.99988,0.007514,1.4648e-06,0.99047
12.331,0,0.044945,0,0.98047,0.047072,3.3788e-06,0.93315,0.063982,5.1414e-05,0.99294,0.033134,9.9541e-07,0.99925,0.0046022,1.0856e-06,0.98941
12.381,0,0.050753,3.3858e-06,0.97657,0.046292,7.0786e-07,0.93199,0.064094,5.0849e-05,0.9906,0.039366,1.6917e-06,0.99539,0.0034449,0,0.98948
12.431,0,0.04345,3.1553e-06,0.97613,0.043795,3.4388e-06,0.93138,0.055646,4.5876e-05,0.98231,0.037338,1.9352e-07,0.99444,0.0091284,1.2058e-06,0.98855
12.481,0,0.040708,1.1183e-06,0.97498,0.046637,1.2863e-06,0.92879,0.05318,3.7357e-05,0.98046,0.039645,1.2778e-06,0.99008,0.0093634,1.9187e-06,0.99157
12.531,0,0.04285,1.7856e-06,0.9741,0.046032,2.5281e-06,0.927,0.053532,3.2406e-05,0.97641,0.040812,1.3052e-06,0.99119,0.012667,2.6281e-06,0.99104
12.581,0,0.044362,3.5532e-06,0.97524,0.042285,6.3012e-06,0.93455,0.056097,2.5496e-05,0.9772,0.039136,3.8542e-06,0.99258,0.013046,2.0306e-07,0.98873
12.632,0,0.043398,1.1491e-06,0.97445,0.03556,5.4829e-06,0.93845,0.056368,2.0271e-05,0.97513,0.037622,4.0685e-06,0.99397,0.021232,3.3754e-06,0.99162
12.682,0,0.044475,2.4734e-06,0.97467,0.034485,5.7093e-06,0.94293,0.051388,1.8392e-05,0.97015,0.035779,4.3213e-06,0.99286,0.015332,1.7067e-06,0.9863
12.732,0,0.040666,4.8314e-06,0.97703,0.032185,0,0.94515,0.053884,2.0832e-05,0.97187,0.03899,3.8756e-06,0.99468,0.010214,3.0705e-06,0.9826
12.782,0,0.043209,1.2978e-06,0.98049,0.033517,1.0766e-06,0.94434,0.055041,2.0194e-05,0.97553,0.037527,8.1084e-06,0.99763,0.0091939,3.7572e-06,0.98493
12.832,0,0.042247,7.7161e-06,0.98456,0.030687,2.3667e-06,0.94384,0.053826,1.6106e-05,0.97084,0.03238,8.5455e-06,0.9995,0.0055863,1.8139e-06,0.98647
12.882,0,0.043571,4.2697e-06,0.98318,0.03022,2.6338e-06,0.94443,0.052123,1.4537e-05,0.96959,0.029157,3.6446e-06,0.99925,1.1067e-05,3.1215e-06,0.98858
12.932,0,0.043635,2.2109e-06,0.98159,0.028111,9.4908e-07,0.94693,0.052208,1.1072e-05,0.96733,0.031893,6.5226e-07,0.99965,0.006565,1.5514e-06,0.99608
12.982,0,0.045717,1.1175e-07,0.9845,0.025645,8.5181e-07,0.94528,0.049994,1.4609e-05,0.968,0.035659,3.119e-06,0.99841,0.0082303,1.1344e-07,0.99437
13.033,0,0.047831,3.7961e-06,0.98062,0.028816,0,0.94209,0.051549,1.2477e-05,0.97066,0.035377,3.7183e-06,0.99096,0.0090436,2.3952e-06,0.99366
13.083,0,0.047099,4.5036e-06,0.98346,0.032772,4.8186e-07,0.94428,0.052308,1.1093e-05,0.97458,0.038387,1.0747e-06,0.99207,0.013346,2.6034e-06,0.99387
13.133,0,0.045888,7.6648e-06,0.98282,0.029491,1.7184e-06,0.94759,0.052141,7.7618e-06,0.97279,0.029471,2.3049e-06,0.99105,0.013261,0,0.9955
13.183,0,0.043436,3.2621e-06,0.98086,0.031058,9.3165e-08,0.95339,0.043616,7.5564e-06,0.9709,0.032015,1.1436e-06,0.99245,0.013584,4.5326e-06,0.99355
13.233,0,0.048088,6.0498e-06,0.98069,0.027336,4.5174e-06,0.95393,0.045519,4.8295e-06,0.9741,0.032087,6.034e-06,0.98646,0.0075247,2.7763e-06,0.98898
13.283,0,0.052018,3.8428e-07,0.98259,0.022378,5.5041e-07,0.95084,0.048214,1.9899e-06,0.97368,0.035041,3.3015e-06,0.98455,0.0090224,2.1065e-07,0.99106
13.333,0,0.053386,3.818e-07,0.9836,0.017864,1.0246e-06,0.95117,0.042408,5.7215e-06,0.97566,0.039559,1.2134e-06,0.98331,0.0076982,1.0085e-06,0.99332
13.383,0,0.057493,1.2452e-06,0.9877,0.018206,4.0553e-07,0.95608,0.037959,4.083e-06,0.97298,0.042844,3.2226e-06,0.98125,0.0035945,6.0594e-07,0.99228
13.434,0,0.056548,3.3035e-07,0.98577,0.013526,0,0.95098,0.035674,3.9873e-06,0.9733,0.041913,3.0149e-06,0.98061,0.0040962,6.6284e-07,0.9901
13.484,0,0.053082,3.4212e-06,0.98574,0.013815,1.4665e-07,0.9504,0.030388,3.9943e-06,0.96983,0.038911,4.4109e-06,0.98408,0.0024292,3.2694e-06,0.99069
13.534,0,0.060593,9.1614e-06,0.98961,0.016164,3.0708e-07,0.94786,0.032185,1.8387e-06,0.96628,0.039162,3.6594e-06,0.98276,0.00060877,7.5226e-07,0.98711
13.584,0,0.05891,2.3656e-06,0.99147,0.010721,1.1732e-06,0.94357,0.031977,4.6012e-08,0.96898,0.038821,2.7904e-06,0.98124,0.0028856,5.3992e-07,0.98746
13.634,0,0.063152,1.476e-06,0.9852,0.013181,8.252e-07,0.93614,0.032056,3.3995e-06,0.97212,0.037218,1.1053e-06,0.9763,0.00095417,1.8059e-06,0.98365
13.684,0,0.061555,2.5307e-06,0.98721,0.010622,1.2657e-06,0.93869,0.028801,3.6241e-06,0.97604,0.03472,1.016e-06,0.98025,0.0039399,1.0792e-06,0.97841
13.734,0,0.066241,2.0816e-06,0.98483,0.014042,2.3088e-07,0.93732,0.025992,0,0.97647,0.032334,4.5919e-07,0.98211,0.0067901,1.781e-07,0.97681
13.784,0,0.061937,3.0952e-06,0.99071,0.015213,7.5307e-07,0.9401,0.02832,1.2473e-06,0.97501,0.031505,4.6938e-07,0.98313,0.0078005,2.268e-07,0.9754
13.835,0,0.060875,1.4518e-06,0.99102,0.015714,2.8766e-06,0.93668,0.026787,2.7692e-07,0.9693,0.030648,4.8475e-07,0.98364,0.014661,1.8909e-06,0.97558
13.885,0,0.062651,0,0.99186,0.014257,0,0.93292,0.021249,9.8132e-07,0.97404,0.030195,2.6422e-06,0.98692,0.012214,1.9279e-07,0.97559
13.935,0,0.060701,4.4545e-06,0.99159,0.019513,1.5081e-06,0.93308,0.025059,1.3183e-06,0.97159,0.025327,3.2447e-07,0.98886,0.013852,3.1069e-06,0.9771
13.985,0,0.056313,9.3131e-06,0.9903,0.016155,2.4554e-06,0.92782,0.024288,2.4638e-06,0.96976,0.025906,2.2772e-06,0.98393,0.011876,3.0119e-06,0.97654
14.035,0,0.057604,9.9802e-06,0.9901,0.01647,3.5711e-06,0.92852,0.019816,1.6318e-06,0.97371,0.027213,5.0357e-08,0.97994,0.0095269,2.678e-06,0.97587
14.085,0,0.062216,1.1185e-05,0.98928,0.014513,4.7404e-06,0.92933,0.022486,5.1771e-06,0.97224,0.031484,1.3859e-06,0.9802,0.0054298,0,0.97383
14.135,0,0.065586,1.0225e-05,0.98911,0.016014,4.6077e-06,0.93389,0.029822,5.1992e-06,0.96986,0.032592,0,0.9822,0.0090019,1.8993e-06,0.97637
14.185,0,0.066628,1.2093e-05,0.99015,0.017699,3.5843e-06,0.93671,0.029052,6.7957e-06,0.97191,0.033063,2.0275e-06,0.98032,0.010571,3.332e-06,0.97963
14.236,0,0.064236,1.4266e-05,0.98929,0.019933,1.367e-08,0.94643,0.036392,7.07e-06,0.9713,0.028273,1.2411e-06,0.97886,0.011319,9.2362e-08,0.97818
14.286,0,0.065666,1.48e-05,0.99092,0.021771,5.9489e-07,0.94709,0.036581,4.4176e-06,0.9691,0.033637,2.2257e-06,0.98351,0.0071156,4.933e-06,0.97651
14.336,0,0.062321,1.9402e-05,0.9915,0.017758,1.0327e-06,0.94487,0.039131,3.6355e-06,0.96458,0.037954,4.4094e-06,0.9872,0.0041674,3.9616e-06,0.97302
14.386,0,0.060738,1.8925e-05,0.99343,0.016366,5.4435e-07,0.94605,0.042144,6.9651e-07,0.96401,0.041501,1.963e-06,0.98869,0.0043818,1.1259e-06,0.9767
14.436,0,0.063164,1.2849e-05,0.99343,0.013852,4.4305e-07,0.9433,0.043068,1.3833e-06,0.95967,0.039185,1.7882e-06,0.98594,0.0062814,2.2233e-06,0.97751
14.486,0,0.06352,9.7983e-06,0.99146,0.020572,8.654e-07,0.94033,0.045066,1.3208e-06,0.95946,0.038326,1.1118e-06,0.9887,0.0017279,1.3551e-06,0.97315
14.536,0,0.070454,7.0431e-06,0.99321,0.019352,3.1008e-06,0.94272,0.046572,6.2419e-06,0.96433,0.042026,2.8631e-06,0.99177,0.0028572,1.1273e-06,0.97764
14.586,0,0.06441,1.1444e-05,0.99539,0.012871,7.2638e-07,0.94456,0.046369,6.3148e-06,0.96741,0.048679,1.8254e-06,0.99319,0.0026253,0,0.97613
14.637,0,0.057167,1.7571e-05,0.99164,0.01192,2.6741e-06,0.94616,0.043439,3.0411e-06,0.96601,0.04396,3.7352e-06,0.99853,0.0039389,4.0221e-06,0.97716
14.687,0,0.058074,1.687e-05,0.99034,0.0083771,1.3728e-06,0.94512,0.046092,2.4267e-06,0.96927,0.04923,5.3475e-06,0.99462,0.003989,3.5131e-06,0.97542
14.737,0,0.051312,1.7534e-05,0.98831,0.0055487,1.5489e-06,0.94002,0.042702,9.444e-07,0.96748,0.046266,5.5581e-07,0.99678,0.007943,1.1091e-06,0.97835
14.787,0,0.051627,1.8351e-05,0.98879,0.010236,4.4957e-07,0.94401,0.048663,1.4258e-06,0.95932,0.046877,3.9763e-06,0.98861,0.0059973,2.5485e-06,0.97193
14.837,0,0.053467,1.7546e-05,0.98705,0.0035382,2.503e-06,0.94315,0.049993,5.052e-06,0.96416,0.043221,7.3994e-06,0.98579,0.0068496,2.281e-06,0.97996
14.887,0,0.04868,1.3487e-05,0.98621,0.0081541,1.2278e-06,0.94442,0.05011,6.2532e-07,0.9638,0.042243,6.1718e-06,0.98758,0.013012,1.3503e-06,0.9861
14.937,0,0.050318,5.7056e-06,0.98919,0.0074832,9.643e-07,0.94302,0.043655,5.8948e-06,0.96456,0.041439,3.9537e-07,0.98504,0.022034,3.4945e-07,0.98623
14.987,0,0.051334,5.3145e-06,0.99078,0.0070022,7.11e-07,0.94498,0.045767,6.6773e-06,0.96678,0.037795,3.2474e-06,0.99024,0.022487,1.7739e-06,0.97969
15.038,0,0.053463,4.3672e-06,0.9865,0.0017218,2.4285e-07,0.94523,0.034084,4.7632e-06,0.97028,0.040562,8.0561e-07,0.99491,0.021615,7.1274e-08,0.98599
15.088,0,0.053857,6.0904e-06,0.98707,0.0011836,2.7984e-06,0.94447,0.029038,7.9558e-07,0.971,0.036247,4.8636e-06,1,0.02024,1.8143e-06,0.98584
15.138,0,0.056376,5.4847e-06,0.99402,0.0043236,1.9553e-06,0.9459,0.031906,5.0247e-06,0.97206,0.030007,2.7613e-06,0.99971,0.018987,5.4119e-08,0.98486
15.188,0,0.054354,5.7809e-06,0.98857,0.0020101,1.3566e-06,0.93687,0.034721,2.4203e-06,0.97368,0.031483,4.8939e-06,0.99743,0.011816,9.0383e-07,0.98599
15.238,0,0.05167,1.2132e-06,0.99433,0.00097471,2.1217e-06,0.93428,0.03255,2.6941e-06,0.97301,0.033077,5.445e-06,0.99704,0.0053859,1.3708e-06,0.98766
15.288,0,0.053744,3.0479e-06,0.99105,0.0013261,4.7667e-07,0.93863,0.032535,4.3267e-06,0.96672,0.029777,9.0234e-08,0.99316,0.0093526,1.8253e-06,0.99129
15.338,0,0.059404,8.0019e-06,0.98505,0.0022229,3.0082e-07,0.93966,0.031636,5.2265e-06,0.95863,0.027501,2.6793e-06,0.99536,0.0099618,5.3268e-07,0.99011
15.388,0,0.054787,7.6829e-06,0.97417,0.0017844,3.4156e-06,0.93752,0.034506,1.5688e-06,0.95746,0.030845,3.2641e-06,0.99813,0.0076882,6.4216e-07,0.99406
15.439,0,0.055788,7.3849e-06,0.97308,0.0095257,2.3348e-06,0.93936,0.032698,3.5072e-06,0.95786,0.024603,3.7506e-06,1,0.0051832,1.1784e-06,0.99581
15.489,0,0.049227,5.6955e-06,0.97281,0.010531,1.492e-06,0.93944,0.036098,2.998e-06,0.95744,0.026214,1.5643e-06,0.99661,0.0082513,4.5633e-07,0.99492
15.539,0,0.045911,1.8939e-06,0.97646,0.015847,1.7724e-06,0.93704,0.033811,3.0542e-06,0.96572,0.025004,7.3173e-06,0.99517,0.013642,0,0.98898
15.589,0,0.047715,3.3032e-06,0.98069,0.014164,2.6173e-06,0.93731,0.036703,2.5517e-06,0.96596,0.025124,2.1311e-06,0.99088,0.01219,5.6386e-07,0.98729
15.639,0,0.047377,3.2535e-06,0.98396,0.012092,0,0.93543,0.038276,5.317e-06,0.96705,0.02604,6.0451e-07,0.99214,0.011268,1.9039e-06,0.98666
15.689,0,0.044199,7.4848e-06,0.98012,0.008988,2.2098e-06,0.93204,0.039413,9.029e-07,0.97371,0.025481,3.3017e-07,0.9959,0.013749,1.3347e-06,0.98824
15.739,0,0.05072,9.1832e-06,0.97958,0.013596,2.0704e-06,0.93159,0.040076,3.6513e-07,0.97053,0.027864,2.6262e-06,0.99773,0.010636,2.4061e-06,0.97704
15.789,0,0.047533,1.0652e-05,0.98451,0.014801,1.2021e-07,0.92876,0.040617,2.0045e-06,0.96723,0.027678,0,0.99809,0.011078,3.3452e-06,0.97515
15.84,0,0.046841,7.1763e-06,0.98797,0.0098366,3.2004e-06,0.92858,0.039867,7.2999e-07,0.96909,0.030706,2.0191e-06,0.99747,0.012337,3.3484e-06,0.97466
15.89,0,0.045466,7.9007e-06,0.98715,0.013816,2.4963e-06,0.93075,0.038807,1.5321e-06,0.96655,0.029266,0,0.99642,0.014985,2.3887e-06,0.97123
15.94,0,0.046238,7.1739e-06,0.98536,0.018467,1.0742e-06,0.93217,0.037361,1.1467e-06,0.95913,0.030173,7.2197e-07,0.99512,0.015654,1.0048e-06,0.96861
15.99,0,0.046542,4.8383e-06,0.9868,0.015037,2.9913e-06,0.93755,0.032239,2.285e-06,0.95726,0.031915,2.5908e-07,0.99359,0.011456,1.5841e-07,0.97438
16.04,0,0.040828,1.1778e-06,0.98589,0.019426,1.8611e-06,0.9424,0.038423,3.3849e-07,0.95305,0.026994,4.5684e-06,0.99198,0.012626,1.9215e-07,0.97104
16.09,0,0.043141,7.8918e-07,0.98884,0.019296,8.2529e-07,0.94761,0.039144,1.1928e-06,0.95513,0.032806,1.7626e-06,0.99051,0.0093857,1.2916e-06,0.97168
16.14,0,0.043404,5.5217e-07,0.98384,0.015568,1.5332e-06,0.94999,0.044571,1.0476e-06,0.9584,0.034845,1.5057e-06,0.98853,0.0074464,2.2043e-06,0.96936
16.19,0,0.044442,3.8208e-06,0.98849,0.023005,3.3017e-07,0.94891,0.045726,1.3962e-06,0.95544,0.031723,3.1341e-06,0.98602,0.0078429,3.3002e-07,0.96468
16.241,0,0.041891,2.3808e-06,0.98686,0.02475,2.1477e-06,0.94832,0.045015,3.0805e-06,0.95303,0.031951,6.8899e-06,0.98733,0.002912,3.8234e-07,0.97017
16.291,0,0.043259,0,0.98211,0.026677,2.087e-06,0.94616,0.040787,1.0038e-06,0.95147,0.030961,3.3982e-06,0.98858,0.0043387,2.9492e-06,0.9731
16.341,0,0.044044,6.4731e-06,0.97444,0.031229,2.6174e-06,0.9449,0.045273,4.1847e-07,0.95568,0.031961,5.1048e-08,0.99236,0.0053899,4.0242e-06,0.97028
16.391,0,0.043243,7.3949e-06,0.97436,0.029969,5.59e-06,0.93908,0.045676,3.111e-06,0.95665,0.030253,1.3647e-06,0.99098,0.0014003,1.2594e-06,0.97118
16.441,0,0.043029,9.2875e-06,0.97492,0.030926,2.8553e-06,0.93822,0.042465,3.7625e-06,0.9589,0.030185,2.4834e-07,0.98457,0.0016883,1.0674e-06,0.96882
16.491,0,0.04486,8.4357e-06,0.97183,0.032577,4.8664e-06,0.94076,0.040502,1.2429e-06,0.95764,0.031724,0,0.98101,0.003906,1.5575e-07,0.97133
16.541,0,0.047698,9.5436e-06,0.96732,0.034036,0,0.94467,0.040983,2.9489e-06,0.95784,0.031189,2.0585e-06,0.97888,0.0040302,2.736e-06,0.9718
16.591,0,0.044912,6.0248e-06,0.969,0.032055,2.2025e-06,0.9439,0.040585,5.641e-06,0.95499,0.033202,2.2603e-06,0.97915,0.0039049,1.1424e-06,0.97439
16.642,0,0.044791,1.3733e-06,0.97161,0.036075,6.4958e-07,0.94899,0.038589,3.2543e-07,0.95498,0.038996,0,0.98571,0.0063846,1.4839e-06,0.97187
16.692,0,0.04241,3.0973e-06,0.96951,0.03857,1.2494e-06,0.94978,0.037807,6.8626e-07,0.94772,0.04728,1.9864e-07,0.98881,0.007202,9.3195e-07,0.97292
16.742,0,0.03696,4.255e-06,0.9698,0.03472,1.7942e-08,0.95028,0.037353,1.8531e-06,0.94394,0.048515,5.2127e-07,0.99222,0.0050542,1.6198e-06,0.97437
16.792,0,0.041489,4.4811e-06,0.97301,0.033391,1.6805e-06,0.94775,0.034205,1.4829e-07,0.94107,0.046693,4.1131e-06,0.99865,0.0064966,3.7063e-07,0.97438
16.842,0,0.045501,3.492e-06,0.97313,0.037576,4.3231e-06,0.9455,0.041118,3.6953e-07,0.94154,0.048895,0,0.99764,0.012283,3.4835e-06,0.97682
16.892,0,0.043628,7.4555e-07,0.97314,0.039324,8.5445e-07,0.94654,0.041193,9.3103e-07,0.9431,0.048977,4.0212e-06,0.99951,0.018967,3.4082e-06,0.98329
16.942,0,0.042482,4.5488e-06,0.97222,0.039554,6.5434e-07,0.94552,0.044463,1.0273e-06,0.94514,0.047115,6.599e-06,0.99806,0.018783,7.8333e-07,0.98832
16.992,0,0.039806,3.1732e-06,0.96943,0.038098,1.8228e-06,0.94264,0.042409,3.9402e-06,0.94804,0.05037,3.2155e-06,1,0.021752,0,0.98661
17.043,0,0.033869,2.8469e-06,0.97039,0.038623,7.2503e-06,0.94294,0.047511,1.456e-06,0.94616,0.049648,7.7769e-06,0.99702,0.021398,1.0509e-06,0.98296
17.093,0,0.036811,4.7382e-06,0.97063,0.035546,4.7897e-06,0.94031,0.052001,2.328e-06,0.94905,0.051029,4.2184e-06,0.99705,0.021005,4.1469e-07,0.98286
17.143,0,0.0368,1.7048e-06,0.96625,0.035465,2.1987e-07,0.94202,0.054342,3.6815e-06,0.95178,0.055368,3.0402e-06,0.99705,0.023418,1.2345e-07,0.99257
17.193,0,0.032819,3.3559e-06,0.96921,0.028902,0,0.94299,0.05561,6.7748e-06,0.95221,0.055163,4.9925e-06,0.99891,0.02145,1.3869e-06,0.99813
17.243,0,0.031225,2.1267e-06,0.96615,0.029932,3.6064e-07,0.94144,0.0541,9.4296e-06,0.95336,0.05556,5.567e-06,0.99438,0.020167,0,0.99689
17.293,0,0.03421,1.2044e-06,0.96269,0.029793,1.817e-06,0.94783,0.056928,4.5556e-06,0.95464,0.057766,6.4243e-06,0.98568,0.025568,9.8896e-07,0.99733
17.343,0,0.03439,8.8711e-07,0.96118,0.030914,0,0.94762,0.055444,7.547e-06,0.9523,0.066427,6.118e-06,0.9873,0.027858,2.4392e-06,0.99638
17.393,0,0.03888,3.6089e-06,0.96992,0.033189,1.1621e-06,0.94122,0.055849,1.0795e-05,0.94836,0.066995,6.3311e-06,0.99098,0.02801,2.8456e-06,0.99574
17.444,0,0.041621,1.2836e-06,0.9729,0.034382,5.1854e-07,0.94151,0.059952,1.1786e-05,0.94504,0.069051,7.4654e-06,0.99835,0.027171,4.7965e-08,0.99413
17.494,0,0.047479,1.4471e-06,0.96908,0.029463,3.613e-06,0.94176,0.060006,1.0772e-05,0.94939,0.063358,6.6645e-06,0.99933,0.029128,2.4118e-06,0.99318
17.544,0,0.051091,3.8897e-06,0.96425,0.033789,5.0314e-06,0.94081,0.056996,7.6633e-06,0.95158,0.056728,1.0406e-05,0.99916,0.027736,4.5853e-06,0.98463
17.594,0,0.045618,0,0.9582,0.038085,2.6915e-07,0.93772,0.062952,5.4504e-06,0.95439,0.050646,1.1557e-05,0.99776,0.030008,1.2239e-06,0.97851
17.644,0,0.044644,3.8949e-07,0.95758,0.043552,5.8442e-07,0.93284,0.062075,8.2572e-06,0.95345,0.050749,1.2795e-05,0.99755,0.035528,1.9237e-06,0.98073
17.694,0,0.048434,2.5132e-06,0.95494,0.04356,5.7178e-07,0.93704,0.062548,1.2016e-05,0.9567,0.046277,1.1038e-05,0.99539,0.037604,1.1528e-06,0.98157
17.744,0,0.049502,5.4057e-07,0.95098,0.049921,2.9437e-07,0.93333,0.058865,1.2778e-05,0.95925,0.051678,6.7569e-06,0.99394,0.044334,2.0013e-07,0.98366
17.794,0,0.054103,5.5295e-06,0.9517,0.04816,2.6849e-06,0.93794,0.058218,1.2779e-05,0.96044,0.046041,5.4712e-06,0.99391,0.039065,1.7819e-06,0.98541
17.845,0,0.05126,8.4069e-06,0.95244,0.050378,7.7529e-07,0.93948,0.056142,9.9643e-06,0.96498,0.049674,1.5063e-06,0.99509,0.034321,2.2397e-06,0.9908
17.895,0,0.052053,0,0.95551,0.054179,1.5628e-07,0.9373,0.058464,7.231e-06,0.96627,0.050418,6.6979e-07,0.99997,0.038873,1.2806e-06,0.99223
17.945,0,0.048901,1.4459e-06,0.95714,0.054625,4.3752e-06,0.93945,0.0598,9.7285e-06,0.97193,0.053078,5.4913e-07,0.9982,0.041395,3.2643e-06,0.99788
17.995,0,0.04829,9.8375e-07,0.95761,0.049485,9.2415e-06,0.9392,0.055629,6.3251e-06,0.97118,0.052261,2.4046e-06,0.99454,0.044943,2.3624e-06,0.9986
18.045,0,0.046276,2.0248e-06,0.95772,0.049495,6.1884e-06,0.94293,0.059806,8.4172e-06,0.97165,0.04841,1.6875e-06,0.9939,0.042218,9.5045e-07,0.99964
18.095,0,0.047418,3.543e-06,0.95783,0.053356,5.2433e-06,0.94046,0.059754,5.2736e-06,0.96696,0.050248,5.8874e-06,0.99494,0.047948,2.3355e-06,0.99771
18.145,0,0.047402,2.8971e-06,0.96272,0.056199,6.524e-06,0.93986,0.053833,3.2642e-06,0.96711,0.049809,4.5958e-06,0.99441,0.047989,4.2997e-06,0.99634
18.195,0,0.049482,3.437e-06,0.96449,0.059019,8.7111e-06,0.93996,0.05485,7.5142e-06,0.96845,0.047595,1.149e-06,0.99883,0.052405,6.2463e-06,0.99579
18.246,0,0.053224,3.2946e-06,0.96701,0.059989,8.6399e-06,0.93834,0.052811,1.0627e-05,0.96352,0.051071,3.4183e-06,1,0.054073,4.7485e-06,0.99357
18.296,0,0.056327,7.9768e-07,0.96946,0.061317,1.1254e-05,0.94509,0.050847,1.3337e-06,0.9616,0.046401,5.4907e-06,0.99795,0.054783,2.9518e-06,0.98831
18.346,0,0.05697,1.7708e-06,0.97211,0.069873,8.8209e-06,0.94006,0.048,7.7527e-07,0.95718,0.042309,5.0267e-06,0.99936,0.051659,3.2583e-06,0.98757
18.396,0,0.054355,6.7186e-07,0.97446,0.068453,8.7683e-06,0.94357,0.042795,1.2934e-06,0.95592,0.042423,2.9454e-06,0.99961,0.055947,1.572e-06,0.98542
18.446,0,0.054558,5.2934e-06,0.98254,0.06979,1.2425e-05,0.9395,0.045358,0,0.95855,0.043974,2.4898e-06,0.99624,0.055246,3.141e-07,0.98074
18.496,0,0.049417,5.2308e-06,0.97506,0.071102,1.8059e-05,0.94538,0.046878,3.3143e-06,0.95107,0.043974,6.2822e-06,0.99172,0.056927,2.19e-07,0.98124
18.546,0,0.056064,3.0977e-06,0.97534,0.068742,2.3266e-05,0.94917,0.047668,6.278e-07,0.95779,0.044535,4.5536e-08,0.98967,0.062712,1.6725e-06,0.98176
18.596,0,0.061038,1.8022e-06,0.97788,0.068675,3.4174e-05,0.95346,0.053032,4.0982e-06,0.95695,0.050875,1.0193e-06,0.98791,0.060352,5.2324e-07,0.98276
18.647,0,0.059171,4.3789e-06,0.98002,0.068289,4.227e-05,0.95662,0.050422,4.0106e-06,0.95916,0.057698,2.029e-06,0.98743,0.062762,7.6818e-07,0.98371
18.697,0,0.056526,2.9658e-06,0.98092,0.070711,5.4417e-05,0.95535,0.046575,1.4471e-06,0.95916,0.05518,4.2623e-06,0.98217,0.05967,0,0.98545
18.747,0,0.057358,5.5062e-06,0.97689,0.065176,6.1339e-05,0.95506,0.049706,1.981e-06,0.96029,0.053357,3.5321e-06,0.98298,0.056578,6.6172e-06,0.98954
18.797,0,0.059776,3.351e-06,0.97679,0.061577,5.9022e-05,0.95914,0.052384,4.093e-06,0.95914,0.048251,1.1002e-06,0.98193,0.052622,7.3833e-06,0.98774
18.847,0,0.062971,1.5372e-06,0.98311,0.062329,6.1365e-05,0.95915,0.053625,7.6815e-06,0.95385,0.053296,2.3613e-08,0.98253,0.050661,5.8229e-06,0.9903
18.897,0,0.067121,1.6222e-06,0.98351,0.061192,5.916e-05,0.95739,0.058237,7.5296e-06,0.95134,0.054874,6.3792e-06,0.98228,0.049144,9.8702e-06,0.98893
18.947,0,0.068916,2.2113e-06,0.98241,0.059587,6.1395e-05,0.96236,0.062185,1.2587e-05,0.95177,0.052875,4.6675e-06,0.98032,0.04999,1.3621e-06,0.9945
18.997,0,0.067078,1.5678e-06,0.98496,0.057649,5.1534e-05,0.95951,0.06247,8.8738e-06,0.95118,0.052424,4.1249e-06,0.98467,0.053201,6.0117e-06,0.99192
19.048,0,0.065749,1.628e-06,0.98201,0.055282,5.0189e-05,0.96184,0.066526,7.1687e-06,0.9518,0.058815,1.6132e-06,0.98563,0.053801,6.7746e-06,0.99057
19.098,0,0.068219,0,0.98144,0.057387,4.1479e-05,0.95731,0.069308,6.2409e-06,0.95107,0.060982,3.6979e-06,0.98674,0.057,5.1566e-06,0.99451
19.148,0,0.072784,2.8312e-06,0.98055,0.061137,4.1475e-05,0.96098,0.069664,3.2863e-06,0.94613,0.057584,5.2909e-06,0.98809,0.065057,7.723e-06,0.99575
19.198,0,0.071046,2.126e-07,0.97758,0.065804,3.9581e-05,0.96313,0.077286,2.396e-06,0.94769,0.055876,5.1273e-06,0.98595,0.065478,8.0504e-06,0.99016
19.248,0,0.070146,5.2539e-06,0.97916,0.06854,4.4465e-05,0.95913,0.077275,1.6231e-06,0.9546,0.055549,3.0642e-06,0.98993,0.068532,1.375e-05,0.99145
19.298,0,0.07406,1.5357e-05,0.97649,0.072991,5.2067e-05,0.96288,0.076013,0,0.95906,0.053051,1.9655e-06,0.9839,0.067644,1.3143e-05,0.98823
19.348,0,0.075205,2.4401e-05,0.97323,0.073084,7.3921e-05,0.9626,0.079566,2.0426e-07,0.95729,0.057299,4.4819e-06,0.98394,0.069354,1.7764e-05,0.98832
19.398,0,0.083775,2.5248e-05,0.97033,0.072393,9.2264e-05,0.9667,0.079736,0,0.95593,0.056693,2.8094e-06,0.98137,0.073556,2.1315e-05,0.98752
19.449,0,0.081662,3.8237e-05,0.97127,0.068709,0.00011518,0.96643,0.085308,6.3833e-06,0.95629,0.062549,3.103e-06,0.9839,0.073983,3.2141e-05,0.98596
19.499,0,0.084714,6.5254e-05,0.97225,0.069404,0.00013112,0.96681,0.096469,6.3248e-06,0.95892,0.067228,1.479e-06,0.98366,0.079225,4.6626e-05,0.98348
19.549,0,0.082693,0.00010591,0.97147,0.070244,0.000157,0.96723,0.095275,1.8009e-06,0.95544,0.072813,7.1207e-06,0.98262,0.078309,6.5361e-05,0.98247
19.599,0,0.082139,0.00016134,0.97295,0.069707,0.00018908,0.9662,0.093352,8.0679e-06,0.95395,0.07066,5.9127e-06,0.98634,0.080834,9.6473e-05,0.98467
19.649,0,0.080095,0.00025143,0.98131,0.074608,0.00023355,0.95952,0.092375,1.822e-05,0.95797,0.073357,1.0432e-05,0.99039,0.082587,0.00015182,0.98289
19.699,0,0.079371,0.00039305,0.9792,0.07444,0.00030373,0.96034,0.085033,3.324e-05,0.95057,0.083604,1.8216e-05,0.99148,0.077537,0.00022405,0.98528
19.749,0,0.073246,0.00051657,0.98338,0.07395,0.00039908,0.96103,0.084807,4.7272e-05,0.95392,0.086066,3.3524e-05,0.99033,0.080765,0.00032112,0.99028
19.799,0,0.072495,0.00066712,0.97844,0.069658,0.00048797,0.96341,0.08654,8.3665e-05,0.95487,0.089312,5.4015e-05,0.99005,0.079689,0.00047405,0.9939
19.85,0,0.073453,0.00084852,0.97829,0.077454,0.00061532,0.96409,0.089114,0.00015366,0.95592,0.09097,0.00010991,0.98806,0.078568,0.00069079,0.99621
19.9,0,0.068928,0.0010069,0.97704,0.080361,0.00087616,0.96583,0.089979,0.00027763,0.96318,0.093736,0.00021967,0.98728,0.077794,0.00096521,0.99554
19.95,0,0.075168,0.0012455,0.97745,0.074517,0.0012601,0.96505,0.087556,0.00053518,0.96056,0.095786,0.00046386,0.98401,0.074989,0.0013832,0.99711
20,0,0.071038,0.0016243,0.97727,0.070205,0.0015921,0.96009,0.093182,0.0010242,0.95881,0.096949,0.00098371,0.98522,0.07027,0.0017364,0.99943
