"V1"	"V2"	"V3"	"V4"	"V5"	"V6"	"V7"	"V8"	"V9"	"V10"	"V11"	"V12"	"V13"	"V14"	"V15"	"V16"	"V17"	"V18"	"V19"	"V20"	"V21"	"V22"	"V23"
"1"	6.45	-0.0318909854663131	-0.160589504255721	-0.186850674771806	0.125658872577111	-0.170083739565574	-0.258770776684683	0.0223258003749579	0.0352042138431935	0.00374260447151762	0.012986941134908	-0.221202661362441	-0.0255041385294885	-0.140384603374816	-0.0328352299313815	-0.244281362037715	0.0872020149792794	-0.328237521686968	-0.415208873206582	0.232542414832455	-0.0115085492766774	-0.0492592059826427	-0.0290958321225187
"2"	6.6	-0.0157047203587773	-0.200339554111501	-0.199367346021553	0.137163749377367	-0.216068593978166	-0.281008309530241	0.0340230136942231	0.0476618838969958	-0.0145766491285966	-0.0212138107123093	-0.213606207683896	-0.049011882283789	-0.114828780132058	-0.131180332045232	-0.259959881988403	0.0869258245706883	-0.344008642679628	-0.386547558351414	0.191055871378345	-0.00959775160682022	-0.0166547003774326	-0.0275025271201666
"3"	6.75	-0.050219977713069	-0.190604676587775	-0.17175499784066	0.136023894156021	-0.22288748422627	-0.287049072060284	0.0164097673366815	0.00593387520993263	-0.0250852518239817	-0.0235606614529517	-0.155121886612248	-0.0789646016958401	-0.114619691773287	-0.0755391308865614	-0.291755475492812	0.0894036467104804	-0.350532796217367	-0.337192342776905	0.236326269173258	-0.0526972982484433	-0.0130975746398218	-0.0284017853787589
"4"	6.9	-0.0845029839656088	-0.197966620935769	-0.175446450554837	0.0984427592358833	-0.224726556613399	-0.302214316174845	0.0312069194504964	-0.00375224928238946	-0.0476235173491215	-0.0735231652260936	-0.11493525538797	-0.108289149090645	-0.113160343892233	-0.0592347000037905	-0.305764327393756	0.180250000839442	-0.296782249654418	-0.293000265768982	0.253482058983431	-0.101174188005261	-0.0126137422630744	-0.0298785230908042
"5"	7.05	-0.0644248078991759	-0.202355584645398	-0.158513338176927	0.128512328001857	-0.216344795252654	-0.300908065282869	0.0306374535495373	0.000427146587791716	-0.088282777594205	-0.126099541886546	-0.146506035274703	-0.0425567230019958	-0.122969520324755	-0.0533336290879934	-0.327273819893904	0.179415960919837	-0.310246914460894	-0.264024442306795	0.273724212412209	-0.144113168035868	-0.0192335992573643	-0.0298843651343734
"6"	7.2	-0.0929557861365584	-0.186116494968723	-0.151170764792463	0.237555599778643	-0.239165810310232	-0.296012360715976	-0.00732028381991451	0.00650621998941059	-0.0661700296831412	-0.279152242053626	-0.123861005992585	-0.0670829136867165	-0.108349016107962	-0.047969037123825	-0.309640084636311	0.175331163870011	-0.322283685627969	-0.275797799590774	0.278614993602802	-0.084822455462909	0.0108142082555517	0.0449637493199858
"7"	7.35	-0.125497476036645	-0.189621035892275	-0.143918271775582	0.198128180452315	-0.19377386984707	-0.292003959687354	0.00927127523560875	0.033279980273726	-0.0397851608420874	-0.272649256445937	-0.118819123299816	-0.0559595379704801	-0.065824639166924	-0.0385971117693795	-0.318715699941817	0.0982729776058031	-0.30403819360227	-0.0925486349371427	0.27615861547633	-0.112180899285723	0.0249795838499479	0.124658081275681
"8"	7.5	-0.123221454570807	-0.162180679311645	-0.149440449989576	0.244369389936448	-0.21211967235153	-0.276524653616861	0.0270915027874497	0.0253345527636592	-0.0527839598713044	-0.239238507565694	-0.291208968798705	-0.0499287201929767	-0.0539932320955438	-0.0195276932736372	-0.298415355017057	0.099308212169824	-0.282666268364888	-0.16128731241953	0.306560885690843	-0.0937456511218566	0.0051283637156423	0.104555343883969
"9"	7.65	-0.112735338837342	-0.133065729642044	-0.1143076614457	0.247977693742311	-0.226620775707056	-0.263558798364761	0.0121525395402447	0.0223079368864024	-0.0749393183691737	-0.22170763486544	-0.193760546794775	-0.0810671835541537	-0.0908952680884906	-0.0262629633742122	-0.300668898973016	0.0997972247351159	-0.248403016617606	-0.214773969637577	0.24947392252258	-0.125740897898446	-0.0328333220959021	0.0860423321724786
"10"	7.8	-0.100346763948388	-0.136485645751534	-0.118231936590156	0.26742341296596	-0.21069676668933	-0.25745516869613	0.0116321480941489	0.0205576849568268	-0.0939277851098059	-0.244036872028142	-0.198624256003507	-0.109871908481852	-0.0678202727698145	-0.0346144121766447	-0.300484256490044	0.104133608141056	-0.206983886929921	-0.237640417020066	0.263920667769591	-0.0851469870880115	-0.0669756187753399	0.0951345486428589
"11"	7.95	-0.111229812508084	-0.182826490794537	-0.0863385565381001	0.170721516523133	-0.187247043893466	-0.254700528339231	-0.0222854208768307	0.0188282019401052	-0.0668890819507812	-0.282710920743699	-0.231684853306365	-0.121614219818393	-0.0343532263577428	-0.0286490229208094	-0.307997399870875	0.0812455471209505	-0.146983855706362	-0.234517846466005	0.325391285966792	-0.0935655348081122	-0.10835221221514	0.116824386123922
"12"	8.1	-0.0891802935341813	-0.220448109768543	-0.112267287009452	0.027879822638417	-0.231493698248971	-0.303070293940932	0.0093666113369612	0.00817393515394148	-0.103218875666023	-0.269836794844841	-0.186801359163973	-0.0819639083186184	0.0097602402729283	-0.0468974542627312	-0.270927049381442	0.105814673776376	-0.0585339664403184	-0.234834653879383	0.336383331516624	-0.120989593232255	-0.119070416197749	0.160696787489552
"13"	8.25	-0.158173806153718	-0.212211962681046	-0.112415026058477	0.00986151490157958	-0.212513953579425	-0.296190332963385	0.0268896046199728	0.0354045910994371	-0.12330475277861	-0.280862739559943	-0.190793803741341	-0.169779142550119	0.022975113248909	-0.0199028024542945	-0.286513653287695	0.0457127645518846	-0.074813096586777	-0.236352459315308	0.356273871236684	-0.170120976241569	-0.157042163630604	0.141075395815751
"14"	8.4	-0.166175637918368	-0.177838723651862	-0.11329922325777	0.0259354356432873	-0.19077604864578	-0.274099871744141	0.0155072246725436	0.0683594730252955	-0.132606210768379	-0.314760899889632	-0.17275221610688	-0.158316087065166	0.0408146247401323	-0.0105216624340592	-0.299343819640338	-0.00234977654257728	-0.00657808533648733	-0.231889776871977	0.329801146048626	-0.0751518767597529	-0.131768253318504	0.171008270238637
"15"	8.55	-0.13183478043836	-0.170315157061686	-0.120377997953413	0.0257421087974879	-0.190853958007159	-0.306210664472129	0.0315368040108754	0.0429731767709469	-0.124603648423601	-0.295272080671241	-0.178502407315595	-0.149377258578557	0.0656769187221671	-0.0477379594439905	-0.276386301424772	-0.0406329792429846	-0.00907680387063563	-0.256269026540452	0.334548545624653	-0.0947200622071831	-0.153818534237227	0.130681543911095
"16"	8.7	-0.0637710276500839	-0.17341861257181	-0.134021970003664	0.0292535263225722	-0.249825929549503	-0.353737091637204	0.0461367041254949	0.0751679674887769	-0.146823778324355	-0.297629879020268	-0.183230317731517	-0.144795386792692	-0.0161866593217705	-0.0125766607931927	-0.340921341873429	-0.0417905683162318	0.0082338125589771	-0.288880035154013	0.340466401073808	-0.045136173576318	-0.131387322634114	0.168106438651615
"17"	8.85	0.0122159982851662	-0.181686049885891	-0.133241887014813	0.0282658475924608	-0.249495452389241	-0.299348472616285	0.0473746735688668	0.0625059119830702	-0.246352332291964	-0.308146242934936	-0.180082822576626	-0.177983135951383	0.0315494625646093	-0.0256178694432343	-0.320524954987509	-0.0405057437227743	0.0705535553485562	-0.256799986340822	0.325164373901387	-0.0716534489761592	-0.14448850810032	0.156473646246034
"18"	9	-0.00400212273934272	-0.142190813561713	-0.12638997093146	0.00183514086620722	-0.247860345776288	-0.319264627569476	0.0472406774650452	0.0923521059228109	-0.224125223404611	-0.275194858031106	-0.181506389590701	-0.211044444087186	0.0209620028833702	0.000542712043113414	-0.364247273812821	-0.0561026149826531	0.0864912639071664	-0.234317136816844	0.325117413165865	-0.079045570880923	-0.20656437214323	0.150042395061291
"19"	9.15	0.0571140575174092	-0.31867372905032	-0.18901917180373	-0.0040613494285879	-0.259465618780023	-0.29936862993242	0.0776142386726899	0.121034163619658	-0.153052029114527	-0.270071531290608	-0.188894510282459	-0.232293622299554	0.034846005931401	0.000289972593560326	-0.35838019575628	-0.0655695068913221	0.111837785036172	-0.235764028406107	0.307534323334845	-0.0723469867619245	-0.16887706571317	0.282356616560208
"20"	9.3	0.227156854664298	-0.264993138819117	-0.115840237908966	-0.00849791780838874	-0.263806901239908	-0.253991900274121	0.0345640638656641	0.128760695629588	-0.02870051040884	-0.265628829301514	-0.17221859689951	-0.237997761666206	0.0411655548163119	0.00581270519279982	-0.312324291754121	-0.0500353459280854	0.0715955740686402	-0.225850430310859	0.380857578178758	-0.0741991883893011	-0.180587633676031	0.265107403667783
"21"	9.45	0.192234676837582	-0.321653761446915	-0.141895136455068	-0.0162964769508005	-0.234823077601557	-0.302021606139171	0.0475680417340192	0.133065817261304	-0.0655664793216508	-0.263207802133271	-0.150584587977917	-0.276151979221627	0.040924617069517	0.0104758647407815	-0.307963410176309	-0.0523908109255604	0.0867218280535981	-0.255501186010947	0.386748905855854	-0.0740570219575364	-0.187948993720168	0.249091180058943
"22"	9.6	0.181528209970261	-0.304916012717615	-0.10858062304917	-0.0470614542433745	-0.243568306038261	-0.29724875880309	0.0133143657482027	0.244858806374479	-0.0623515500829378	-0.304140872987848	-0.167582777761008	-0.309530091207741	0.0325227968822638	-0.0188349326367666	-0.311725831356665	-0.0676598547295134	0.081601538598743	-0.247509262441381	0.369310144065241	-0.0633276218223027	-0.205653334296646	0.194828091370822
"23"	9.75	0.315076587074783	-0.212956564371276	-0.0935469953072008	-0.0216114450301831	-0.244458577025077	-0.291187069283649	0.0242636188219759	0.170762289767471	-0.048491451188433	-0.272832095947648	-0.162985195287588	-0.291124570799029	0.0631215703806475	-0.0313466424970833	-0.238312673190859	-0.0317542207190047	0.0405539944660812	-0.232777578534974	0.355369506120637	-0.0777690928526356	-0.216130642989585	0.0968991423184746
"24"	9.9	0.397622684240656	-0.234799852631948	-0.132774739691509	-0.0613314968345544	-0.243879923923126	-0.267998874115899	-0.0135604653620311	0.177553579166884	-0.0615635610206078	-0.270048684235159	-0.156304255587632	-0.268424077190079	0.0263602006308075	-0.0420359693959382	-0.176514454125803	-0.0133750819469359	0.136235330834576	-0.231818644302268	0.358196685059662	-0.0721015334306647	-0.173127453886874	0.018364838020811
"25"	10.05	0.325717354848822	-0.222707819870875	-0.123301026338223	-0.0745949924339104	-0.232138598879447	-0.291810348085845	-0.00551525242067218	0.181653309242731	-0.0661657266737226	-0.241569806112115	-0.132842429638056	-0.291177633762569	0.0464172747076434	-0.0510736852340893	-0.195514606217703	-0.0135295367711866	0.068331206987305	-0.230999224396434	0.294223090411247	-0.0800782497917628	-0.205293205517698	0.0389919784123309
"26"	10.2	0.349958040363102	-0.23727746804409	-0.123516926671211	-0.0626818841357248	-0.245124287167185	-0.267098732676943	-0.0205227066582696	0.173457831459321	-0.0508120186784246	-0.263103431370354	-0.127544428966591	-0.249670189850881	0.0339497609019296	-0.0283558957680653	-0.175726515220706	-0.0133169495823526	0.0338651593169216	-0.167052609363265	0.241628234984691	-0.090578596980202	-0.190848648962563	-0.0148012877248108
"27"	10.35	0.386015589995035	-0.23358726074182	-0.132301198993925	-0.111401210415162	-0.223329234433389	-0.26441027369992	0.00141699373933038	0.147043952233688	-0.0615454277295969	-0.244806709180916	-0.123185011893798	-0.259915458565679	0.0553403475722795	-0.0434081479981624	-0.172911519389565	-0.0234710200757536	0.00994563594699166	-0.140537624177107	0.210852346131307	0.0066224018075015	-0.196837928100499	0.0411286253571565
"28"	10.5	0.38988999183981	-0.240174763689416	-0.0667071578504948	-0.0863398637104158	-0.205847741979294	-0.287112528369591	-0.00629953581949268	0.106470071991648	-0.0923219301832453	-0.250281849015563	-0.0836334961426686	-0.250350187491441	0.132352126700702	-0.0368620751317242	-0.172300947238647	-0.0101231588122507	-0.0330813600052434	-0.144105624296043	0.216388048964913	-0.03313678415896	-0.210283616117491	0.0300427241285
"29"	10.65	0.419512235519225	-0.20697302834892	0.0161500573758921	-0.108091273044036	-0.209469419567627	-0.279303428665593	0.00941427014531732	0.084354040402201	-0.0968648978020917	-0.258485302872217	-0.0806543894966803	-0.258621328086681	0.100691442695668	-0.0325624759580367	-0.162143116277405	0.0320146077129798	-0.070866362177241	-0.14005911460756	0.261469392866177	-0.0101874243564183	-0.229184590521863	0.0214887390578509
"30"	10.8	0.391626325792752	-0.173694930373222	0.0408321611255574	-0.0588460389939204	-0.20823699618518	-0.16774436276969	-0.0156336762544892	0.102350765557524	-0.0936308522410841	-0.275551180584564	-0.0593870748036258	-0.244018690039877	0.101890031028094	-0.00440893330832871	-0.167854644492435	0.00707785175105408	-0.0418868339276738	-0.133736963463983	0.266325297793505	0.00932113633907247	-0.231453946513916	0.028258677744693
"31"	10.95	0.376766767883283	-0.199006235617964	0.0663209936805192	-0.0662585132242067	-0.215284519638972	-0.1265101458901	-0.00618743824271791	0.0829091361151026	-0.0809467586265649	-0.292287820072696	-0.0382986133708411	-0.258174820051382	0.104947799870318	0.000341877955233488	-0.155732462804989	0.00450029338632813	-0.0244727777813649	-0.110908793572636	0.273979808176334	0.0226478224577647	-0.24715184178016	0.0637058825475406
"32"	11.1	0.392092530988177	-0.245786332365793	0.0850445509355592	-0.0508535821631265	-0.201749828024694	-0.0963834576029782	-0.0275460960812547	0.0897104404999239	-0.0932663520833622	-0.252888185242257	-0.064831353070623	-0.255719217629932	0.100133710979201	-0.0112333486180604	-0.157959633694969	0.0137310376164806	-0.0251488126671083	-0.134733253278385	0.288535372753434	0.0183143964968328	-0.231618641606579	-0.00916469520398985
"33"	11.25	0.42512650004246	-0.279004624663225	0.0185230871489706	-0.06548010260143	-0.216965306061155	-0.0629276319478153	-0.116314006561288	0.0940166342143629	-0.117904248395434	-0.279813183861086	-0.0452274247628331	-0.245242432157112	0.150417089104342	-0.00224353117679021	-0.146949856113045	-0.0109841388343522	-0.0262024890795404	-0.110935628216847	0.273712076653458	0.0165531854282856	-0.22146261373516	-0.0299894994103805
"34"	11.4	0.41784526995543	-0.319664695101393	-0.0279714688005549	-0.0826523298359155	-0.200374249362643	-0.0207120817344445	-0.0458544467633174	0.11129584269337	-0.13862616442866	-0.281317634758698	-0.0409625478196469	-0.226255437288209	0.156073872969505	0.00806004902783844	-0.111139641724615	0.00934571683910413	-0.0742127291125907	-0.113359255813136	0.238589561390691	0.0686405254792291	-0.257220427032838	0.0345175823089714
"35"	11.55	0.425636087650627	-0.257572642986236	-0.0549625579113909	-0.0587809945326629	-0.18994717377914	0.00323617537949816	-0.101031837582083	0.101203758212207	-0.118767496927491	-0.285387577297898	-0.0449670134987148	-0.231495375531368	0.151188255702249	-0.0220997734380601	-0.108987054353598	0.047136442935446	-0.067406319649598	-0.112141920081357	0.1640372196274	0.0373901703227177	-0.240801123160062	-0.0408474953314854
"36"	11.7	0.427135805625449	-0.23576903990387	-0.0792501539462102	-0.054146639813983	-0.198258946858482	0.0335164562739238	-0.106343569951746	0.146537915846595	-0.127097721821527	-0.28068108089049	-0.0533336788484053	-0.185257104341767	0.144311863416244	-0.0492218916057396	-0.106857548016875	0.0451510120496828	-0.076490197722282	-0.114202784663895	0.282744120336997	0.060641017802443	-0.229854686430383	-0.0253802615011084
"37"	11.85	0.523524638898093	-0.233846625632287	-0.0817405462353868	-0.0380670755114488	-0.204280985387434	0.00967865019165659	-0.144217236741119	-0.0322113549421181	-0.102555883750349	-0.2858330377614	-0.0405762932361607	-0.240852895874778	0.131848670624534	-0.0852261720181058	-0.105112516299428	0.0145087401514221	-0.162309745527935	-0.103387222820185	0.123125949269298	0.0391322893339544	-0.286215379632458	-0.027536108377028
"38"	12	0.465928391849432	-0.221357083610322	-0.083891515643352	-0.0534548964516964	-0.168635252513976	-0.0559880071653682	-0.11306063248985	-0.143533488505669	-0.107495577889508	-0.303204136423704	-0.0388784741546597	-0.228180538034569	0.164476451890846	-0.09890007622944	-0.0908579166517858	-0.0669774764151951	-0.146173033681409	-0.090347090416087	0.0610870977258278	0.0382885235935982	-0.229981182340963	-0.0455857241329516
"39"	12.15	0.474704505877434	-0.215230358023644	-0.0955802055340299	-0.0734003477975331	-0.172615277244673	-0.112560076513338	-0.106287472295799	-0.14800817896166	-0.112349273126604	-0.292642567527621	-0.0452388654225027	-0.240855444809447	0.127898221081226	-0.100872798855337	-0.110566200057797	-0.0515163173759535	-0.134175569218716	-0.0712252182400495	0.0931333944138278	0.0250233903330303	-0.128788009168078	-0.0637143403457719
"40"	12.3	0.437581461882485	-0.211672176056589	-0.119166526396716	-0.0942200883701379	-0.183741262519559	-0.0697960946516788	-0.148660290888109	-0.147882231026	-0.0669483976812079	-0.29878534682878	-0.0621415753502126	-0.235686525994402	0.139754722808391	-0.109228354810085	-0.125490967004963	-0.0430850416077797	-0.137300489168369	-0.0362489435617632	0.125707449864654	0.0186958943056755	-0.1719734829537	-0.101999404461405
"41"	12.45	0.426713944490279	-0.192723842955055	-0.111791522994651	-0.100856784386647	-0.209058075073595	-0.0985813536515246	-0.188519867233092	-0.0984613110326446	-0.152073250714854	-0.284858211323998	-0.0737828565437395	-0.272522816977293	0.0999188382758618	-0.105563533187073	-0.134611139196423	-0.0668651539044906	-0.12152443114933	-0.0567307794561653	0.0581437244208868	0.0257673020362622	-0.208149800953881	-0.0673336673766229
"42"	12.6	0.426831006974204	-0.217274001964033	-0.0887625978553089	-0.114710494162955	-0.204187438005372	-0.210186824281845	-0.119536277182229	-0.0587450387232495	-0.142887342368947	-0.273012867921538	-0.0723634974132925	-0.281996281704822	0.132358873090885	-0.183843342645923	-0.122843429878492	-0.0412852614457784	-0.116339860988356	-0.0786519604846195	0.108500412279546	0.0212519244829871	-0.233504986686548	-0.091899177118432
"43"	12.75	0.437878769042862	-0.20398124505232	-0.0725568206045367	-0.101872480824338	-0.203409319559591	-0.166770539304173	-0.141695451910801	-0.0496591210516839	-0.114141322810304	-0.301173371815875	-0.0620230329996626	-0.28135365347558	0.168964322695698	-0.0438597816596907	-0.137987571841103	0.00168421130941328	-0.109266036429736	-0.0578378559440514	0.114695180817983	0.0317527326773778	-0.208102053075537	-0.0983345529620556
"44"	12.9	0.442735885869131	-0.201831898250774	-0.0533696104348659	-0.152675444331194	-0.208692492111752	-0.167321934169626	-0.0936002059631393	-0.0370628779867798	-0.120324457069076	-0.297437582691809	-0.0718768979276168	-0.265346242002966	0.167987359279579	-0.132704188782163	-0.143982889898984	-0.0251991845349274	-0.111898928108859	-0.0523855890737889	0.111500915346181	0.00224545273649415	-0.177080801133763	-0.0942246070726592
"45"	13.05	0.440761716325629	-0.183485675399364	-0.0489685876792241	-0.147153391885362	-0.147623307620071	-0.168661955312256	-0.164441514970331	-0.0184048013237912	-0.149423476852296	-0.288664198025471	-0.0518906462804996	-0.288810474304451	0.166564827168747	-0.0633609436288093	-0.162933674385701	-0.0147212379367913	-0.129658711148569	-0.0394499270190075	0.134908333414626	-0.00566779860204617	-0.154740340701506	-0.110764427021596
"46"	13.2	0.39943992879419	-0.162060867309551	-0.0492021433662739	-0.140372874664356	-0.12201651951562	-0.158572838401931	-0.168026051889996	0.0229095852593159	-0.0370678458115409	-0.273774190687604	-0.0942193106212141	-0.27715999233911	0.168800199799081	-0.102011756607104	-0.159996393861473	-0.0311076643580582	-0.120393047416348	-0.0564399291232316	0.169628537704324	0.0158715381877427	-0.141192791439985	-0.121185245405709
"47"	13.35	0.392593664059906	-0.116710754677107	-0.0511642212024359	-0.137771670569207	-0.118198173382467	-0.149357367339964	-0.170668133822345	0.0377854359498379	0.0326914058653341	-0.252396814200961	-0.0977631151894701	-0.263505558939933	0.169435125243635	-0.0978680996868512	-0.132981685013659	-0.0791082021079168	-0.139538603486145	-0.0720693392263694	0.184860822990778	0.0628027735852571	-0.151871329394509	-0.119680744841304
"48"	13.5	0.392467972770013	-0.0846833181462045	-0.0474818589613331	-0.234956386106491	-0.125616002024945	-0.155332065293071	-0.202163018720306	0.0304129689373899	0.137225809014226	-0.236616361166723	-0.103865816520679	-0.312739210612818	0.167861533285708	-0.103879708720316	-0.0537419460220473	-0.0832657585306302	-0.125880819441533	-0.0736259453137424	0.15763599590631	0.1001377887929	-0.089870216608193	-0.125740829650795
"49"	13.65	0.395069646244118	-0.0851244724103841	-0.0657289908106273	-0.170512681335157	-0.118271728776061	-0.14938484681094	-0.238556244326727	0.0121426683136048	0.142558268008113	-0.124147577530212	-0.0971633903144208	-0.297801924037955	0.155142576535885	-0.118012569188967	-0.0598587449312893	-0.0704193804471294	-0.131500263255131	-0.0629061266485402	0.1584911868598	0.07177655699055	-0.145728495506588	-0.163161956610996
"50"	13.8	0.400714805891408	-0.0436443852880495	-0.0820257399007227	-0.178418564581481	-0.110945343135571	-0.166986551306184	-0.248845091736256	-0.018927362172436	0.194591811803458	-0.0832639036995254	-0.123635415779344	-0.290771607992759	0.144349601773151	-0.128188486751209	-0.06700516550235	-0.0151665436973404	-0.126550488760182	-0.16766540677437	0.185133882586723	0.0710631757368834	-0.140614919594607	-0.167889123321868
"51"	13.95	0.400606346045551	-0.0763549519771272	-0.0654119228739335	-0.161840717367421	-0.108701262049495	-0.145048135464577	-0.265303868203859	-0.017073655739422	0.150511803788334	-0.12235898158079	-0.0519796730838873	-0.302664072760766	0.129561214424911	-0.122324279300149	-0.0809365576111309	-0.015789743398904	-0.147156901561848	-0.123837603282253	0.192554732065243	0.0763514942503482	-0.165962925346593	-0.168088842994051
"52"	14.1	0.394231567318098	-0.107825269772302	-0.0998244090995808	-0.168426858643053	-0.0979030331715597	-0.154055061966297	-0.253980824768484	-0.0110908424069466	0.150920476135784	-0.123193416592005	-0.0376957398072886	-0.237932945829433	0.157179036200716	-0.121759321862007	-0.082469024211108	-0.0137510719424552	-0.113365706584997	-0.0742695248158935	0.243507837564811	0.0868454545992604	-0.125751403084604	-0.173450874899094
"53"	14.25	0.396502751257336	-0.120412431142795	-0.0761785619694077	-0.17369652509088	-0.115155487374129	-0.12743471120233	-0.247490775970248	0.00752447890316526	0.126371788415628	-0.129052323250753	-0.0643883511104828	-0.197822218975402	0.137497323134095	-0.120606649711649	-0.0618375143799368	-0.0208139566141721	-0.117237203353716	-0.0132779519490037	0.259386689829097	0.0664047909248335	-0.135208483040715	-0.198305039817656
"54"	14.4	0.403260153702069	-0.0558085020371152	-0.0424655274058107	-0.135742972824855	-0.222209805004964	-0.117944929944503	-0.196079698982561	-0.0498354089407572	0.155348438141487	-0.100227922709546	0.0135497049580445	-0.176222911948942	0.090454596789768	-0.121335813374145	-0.0541268849512651	-0.00844329314759542	-0.138664170270288	-0.0749691336773656	0.251102499873231	0.0458803160938602	-0.16173633341447	-0.218575696644503
"55"	14.55	0.391341805014751	0.0737801729754978	-0.103123715612915	-0.0650241220555506	-0.129027323262514	-0.100913991449214	-0.236821494757023	-0.0370525285036421	0.213492448801462	-0.129066836533144	-0.0224243591952938	-0.258650214891807	0.0894793481537186	-0.109444143423155	-0.0739417254075656	-0.0921987568540957	-0.182990033078496	-0.101652816650245	0.251100770023873	0.0668191628438535	-0.0999346376396706	-0.258360533028158
"56"	14.7	0.382084984445287	0.0832684708992025	-0.170228969177387	-0.0556079448763532	-0.125868887139728	-0.0979780521191266	-0.208102240240408	-0.0375812439296435	0.131417208871541	-0.0968252717189864	-0.0155603109640111	-0.274980536992537	0.0625013441031258	-0.12153740388551	-0.0582401559753562	-0.0219515369911266	-0.180181929923034	-0.104008662268736	0.248067519979434	0.182500702798107	-0.15330733377025	-0.241771641659509
"57"	14.85	0.38478121564333	0.0952182816942524	-0.153081343070297	-0.0422046707287363	-0.138948688722347	-0.125578561828907	-0.20352958120773	-0.0280045372369873	0.0761465412888671	-0.0698394668689437	-0.0224829354701499	-0.238570167611405	0.0484738788970265	-0.13468717805998	-0.0870264067612582	0.00529541832715763	-0.195289017638434	-0.116108261093131	0.258116794127224	0.108140282600874	-0.129990302710611	-0.272533977721985
"58"	15	0.374979618959858	0.0621545006872493	-0.141804186259146	-0.0238961617279168	-0.0614727608899493	-0.13444966285929	-0.19752456509417	-0.051759930037499	0.0437261112794721	-0.099554029854191	-0.0259289923886695	-0.234191595494455	0.0413500882894671	-0.089173117034565	-0.116954398549073	-0.000570201399189636	-0.196457261535725	-0.0817198334876344	0.26199350516914	0.163180781150547	-0.151501830627112	-0.243241922730568
"59"	15.15	0.359700581047565	0.0450642265673015	-0.125971077326268	-0.0880085867016063	-0.00532163488308176	-0.108785737710399	-0.2044855000361	-0.0448593063824808	0.0470997998395454	-0.0723842626491455	-0.0309603374792523	-0.253498660024024	0.123496342094218	-0.13233638585271	-0.0964979029015832	0.0372672936891141	-0.208560162880216	-0.0899356544504727	0.235094961832044	0.140252585779825	-0.111295825123718	-0.240062387912655
"60"	15.3	0.340734739798331	0.0517983810029382	-0.131642672616802	-0.139159339753779	-0.0129513837945459	-0.135083060871137	-0.19837634084427	0.00112173668527317	0.0462045544127367	-0.0292416959685441	-0.0272283974858269	-0.234612790071575	0.105961233517354	-0.124721772296768	-0.0939803917802292	0.0215899736983131	-0.25090481147082	-0.128961410176915	0.217675180860479	0.140583053239704	-0.146410131910435	-0.216292788927528
"61"	15.45	0.359159094664855	0.0549321087296308	-0.0734822035061103	-0.0903773470913368	-0.0284141219404809	-0.109358089029742	-0.196216902381156	0.0113117355586425	0.0509118529201111	-0.0966149627671731	0.00779986758955381	-0.232299644801406	0.118876337446721	-0.152368696066238	-0.0880117400239796	0.0158548143118765	-0.292252671044847	-0.147930442297263	0.217746063741208	0.134854846022377	-0.147655688758273	-0.234988331395719
"62"	15.6	0.348212659931789	0.0718954417336614	0.0264876919578242	-0.114438897410022	-0.0210029898304097	-0.0740832038250682	-0.209066513174307	0.0236924946198739	0.036366527385951	-0.111252123456377	0.0132561480095346	-0.132162080358655	0.0637251742571694	-0.15312184785186	-0.0466553676935883	0.0316784516655548	-0.314000689746132	-0.120312257723477	0.21623771435277	0.130797976971621	-0.1333770813533	-0.21154166478631
"63"	15.75	0.319371616184436	0.050480053988539	-0.00982717686688387	-0.113154484893393	-0.0196054520452742	-0.0813610922514287	-0.207958524881378	0.0340976122788125	0.0426662250039471	-0.151522614857428	0.0065279387366138	-0.108010038360991	0.0321180510187057	-0.146756769941767	-0.125316796663862	0.0228755309089188	-0.296389625312198	-0.142125116868731	0.187403682968993	0.138414384506367	-0.0956909188880407	-0.208601733828773
"64"	15.9	0.334560043084175	0.0273692071255169	-0.00279763808075979	-0.10857543911731	-0.051759518785416	-0.0640632548708956	-0.210116718192805	0.0242135924396485	0.0479989453551951	-0.170667038876553	0.000527170896667318	-0.0965328579520489	0.0119544972440768	-0.141545855830789	-0.158290498019671	0.00385059541463249	-0.301905380328758	-0.100640142035015	0.158495014890022	0.14868519375537	-0.0839782098821738	-0.205095916947786
"65"	16.05	0.331327610411269	0.0312677385906489	0.0130685330367756	-0.113651702134608	-0.0337875228922947	-0.0482305352400796	-0.189184900017525	-0.00901217034061309	0.0043247042776732	-0.0761575824256686	0.0264188499941142	-0.0827858601483902	0.0197288711770499	-0.0955644123360178	-0.14189543688008	0.00964263526550109	-0.286669678211066	-0.0692108589753444	0.135096299010558	0.127764036343371	-0.0944513982050638	-0.197702529606067
"66"	16.2	0.277831330527075	-0.00349162519953398	0.0379333508775523	-0.138620927208508	-0.0254155991845504	-0.0838182495029206	-0.213582227653725	0.0443846280969986	0.0826360542306376	-0.15952902182496	0.0771214012062782	-0.0949837390372235	-0.0313038338439498	-0.0634209687121644	-0.190991056298512	-0.00813797897218363	-0.267183422854262	-0.069111035446395	0.0875862820102779	0.106728783992467	-0.119051244544983	-0.149320976275438
"67"	16.35	0.198773554548077	0.00473562973423412	0.0551402716231227	-0.140187929392986	0.0202747851048367	-0.094037507051676	-0.22957971318923	0.0662440869705318	0.0842209427209562	-0.174391468472779	0.0900544071278397	-0.12988118807004	0.027639934669616	-0.121035069459216	-0.315838299105583	-0.0482808546003888	-0.347898092821534	-0.0328758598493676	0.145652080055908	0.0987356004879768	-0.0778553097771367	-0.0864292263714597
"68"	16.5	0.219949520108803	0.00178633993443562	0.0786308338556106	-0.145992797301337	0.0450657515364723	-0.0764543808472661	-0.228437802954824	0.061659880656081	0.0845148608678922	-0.181751221411636	0.0684477044350918	-0.0783980322690248	0.0131946062834982	0.0144208218755361	-0.278346614208448	-0.049931856059313	-0.340382764977408	-0.080232333101527	0.107530723008727	0.114203369565655	-0.0967077087644685	-0.120245688637483
"69"	16.65	0.212693958276976	0.00288446917849742	0.0395401892193013	-0.162155668929639	0.0172587139695752	-0.14647272441346	-0.225700513127662	0.0543210204973225	0.0704120735486453	-0.12855986737059	0.0905140131470449	-0.124475220101865	0.0108446426717494	-0.0528585700426734	-0.315429263522873	-0.0514225976432801	-0.345196698118922	-0.179319584815223	0.152890768084099	0.0693557006215619	-0.0333018836632392	-0.172350907323039
"70"	16.8	0.180877501139319	0.0104770821864928	0.0222544069228673	-0.121868534917764	0.0072900447605201	-0.129924903393211	-0.201987343074175	0.0518400554320096	0.0948413656722953	-0.160777455794083	0.0686014209665291	-0.134515401477467	0.0295180910919186	-0.0818803754620673	-0.314857348922284	-0.0521100672214606	-0.320986323655172	-0.241917306148972	0.2048459810408	-0.0569322285010355	-0.0548999198275159	-0.15738377430581
"71"	16.95	0.168108586256736	0.0483074850660356	0.0332093053421241	-0.14591924870662	-0.038215805120487	-0.137977773483311	-0.182417316423919	0.0450281630765145	0.0641161636372304	-0.134864259582724	0.115808243300612	-0.12598596756105	-0.0438240224742281	-0.114144185536539	-0.309906635046069	-0.0501943852831166	-0.279580872874061	-0.246687809092247	0.167266175968442	-0.0732970437475881	-0.0372568527451179	-0.13979327223612
"72"	17.1	0.145945794189918	0.00358970935241619	0.0235886874126859	-0.122070653743432	-0.0573625254013351	-0.162897332485823	-0.17207643485395	0.0432602581716773	0.0466635260361897	-0.137349728063401	0.145744550733103	-0.100574756807828	-0.0109865360035235	-0.140199674806913	-0.317163081755955	-0.0504165439705357	-0.250430603681846	-0.255712262845903	0.142552720931496	-0.0897791293301112	-0.00195563569780138	-0.11187371056731
"73"	17.25	0.167654232639731	-0.0261875711844742	0.003564496933268	-0.188902676534793	-0.062671385907274	-0.239295085113123	-0.161627151408036	0.0484762037115299	0.0708505552869346	-0.163714957243159	0.139033768311841	-0.101870097131175	0.00343109652711631	-0.17318431875676	-0.287892672726116	-0.0611929394482588	-0.263856359043394	-0.278079336045414	0.131786123716433	-0.119020812256423	-0.00850258011723931	-0.170998146951359
"74"	17.4	0.221033404256941	0.0024677532427846	-0.00318946362360361	-0.175589311614632	-0.0783476429174868	-0.212414360524859	-0.159882300673213	0.0335512939539213	0.0759088723632769	-0.0468742390053176	0.117880693606629	-0.100017630163239	0.00629465545874801	-0.146797143740908	-0.292643843176548	-0.0677651370830161	-0.286463236354976	-0.361237500342179	0.123544918972075	-0.126757053734257	-0.00708468506969396	-0.21734906919479
"75"	17.55	0.153257441769283	0.0474798334751765	-0.00417682710398367	-0.19997626509263	-0.108076482290587	-0.229581355223821	-0.141628530676215	-0.0344681135484962	0.0837653706964625	-0.101982995612967	0.141223603262766	-0.106352135163354	-0.01357422862365	-0.151678713512439	-0.30776232134196	-0.0898302364437977	-0.264658129013317	-0.289673116924648	0.122821278404835	-0.150531839864347	-0.0120183318179192	-0.181058122760849
"76"	17.7	0.0973824189303802	0.0647623984711122	0.0379424256401891	-0.222820199850639	-0.10397797347462	-0.215893227187504	-0.122726622416952	-0.0480686614267468	0.0911244137428322	-0.0944364064685516	0.124435889906392	-0.113442693636831	-0.0530178356097361	-0.166807710707509	-0.334395380112925	-0.0731022865616415	-0.253384137866638	-0.31446324429648	0.131098228870188	-0.133156622724769	-0.0111239271670506	-0.173430661792825
"77"	17.85	0.0731970103923491	0.14827179145551	0.0539178448112813	-0.192035500950214	-0.113589446742196	-0.184121468255971	-0.169656068481714	-0.0429993353845553	0.111855688854994	-0.102546408369329	0.112306825530433	-0.111608803371488	-0.0279933767366197	-0.174841434305144	-0.363727612985946	-0.0746748658241749	-0.226944228832062	-0.291966326741623	0.113387364418065	-0.197652405509007	-0.00190474210082431	-0.222904041556492
"78"	18	0.0406576739305414	0.128686468780303	0.0568784976528552	-0.217019725909651	-0.161226979046907	-0.222737935125294	-0.0622074528672527	-0.0538796096615746	0.0769815503891223	-0.115271355229425	0.0453458458928218	-0.130078479069118	0.00334134426395552	-0.141695336343667	-0.328190619828642	-0.115911486494427	-0.240976799009483	-0.258889817498015	0.15354745172176	-0.156042730014584	-0.01546951618412	-0.181905896982313
"79"	18.15	0.0386998802275331	0.132323454438418	0.0540156782540746	-0.248927663207326	-0.168724713899538	-0.215381648763783	-0.0355086833584498	-0.021370546014304	0.101847074728666	-0.116378878036599	0.0786971358656115	-0.180520485151573	-0.00773432198298433	-0.117112732062673	-0.308082054627414	-0.123963609345512	-0.24992488129641	-0.239998814925927	0.0740995788816936	-0.204302842304139	-0.00439588785644843	-0.247938388607625
"80"	18.3	-0.160459716776773	0.128879764660108	0.0526819807644652	-0.238402787104239	-0.171415579513817	-0.208613595613982	-0.0349294339533854	0.0319407355931085	0.107301991460607	-0.11029716614361	0.0613096410036982	-0.190520093609669	-0.0162835075452304	-0.122974294470092	-0.329532879739103	-0.136378646677546	-0.151237415000016	-0.235372139967794	0.150704688622585	-0.213639502769353	-0.0188432005252198	-0.280581732513532
"81"	18.45	-0.245381047467827	0.0986531428880831	0.0507600810928205	-0.244356535979281	-0.178044132069788	-0.174239237777486	-0.0353772182839725	0.039577843310883	0.0818047554285687	-0.0688484270553079	0.0497113984384897	-0.179069368897103	0.0332769698684358	-0.123856505702125	-0.279862627647155	-0.0997933762859148	-0.168587406565658	-0.231824029272986	0.178133665583252	-0.238152537877411	-0.0270996506258578	-0.247001738312397
"82"	18.6	-0.275505221541813	0.0988256716440983	0.0572040375582195	-0.236452330764926	-0.188649619574469	-0.142440378798126	-0.0437589421504187	0.034893063613278	0.0868651677799291	-0.0821740154267928	0.0488360859582954	-0.162685353753608	0.0666338546020463	-0.120007834000618	-0.247466197689124	-0.10151783067269	-0.166419163616403	-0.207078382718085	0.171723062551897	-0.261726983163086	-0.0515543187008578	-0.261764615588382
"83"	18.75	-0.211855123171971	0.100204779094872	-0.0084847888856637	-0.239167622958433	-0.19862582219406	-0.194827645509059	-0.0314262801720859	0.0313935370525802	0.0661895656781631	-0.112146903016672	0.0626314492023494	-0.138027237683903	0.0268804150468175	-0.114291075095888	-0.232167778157354	-0.1016669347444	-0.17977817049875	-0.211573867285801	0.157411599482022	-0.206912821783172	-0.00507368198008701	-0.215081871800262
"84"	18.9	-0.214903896411402	0.0783962999028387	-0.101747210878075	-0.251999325444765	-0.177157669588211	-0.239632994334616	-0.0446695371940404	0.0452052443819759	0.0488477296023517	-0.0681850254356222	0.0746552670722469	-0.13542477187465	0.110691395489307	-0.125756566349923	-0.228777711183212	-0.081753061465979	-0.168534706949182	-0.180365565503543	0.193991770258277	-0.199971542975374	-0.00296135096139979	-0.236427547879934
"85"	19.05	-0.209502126883483	0.14694044584658	-0.108040071981546	-0.259596452235964	-0.207325667812048	-0.18657412887999	-0.111731550068122	0.00705115334039468	0.042098995600627	-0.0702073678831644	0.0759920059473016	-0.119083292594868	0.0231883417878628	-0.0920787795880754	-0.191402252183435	-0.0993566750827043	-0.191110023307505	-0.0493376191966599	0.139425288214802	-0.200333851652383	-0.0389625329648292	-0.239215829029121
"86"	19.2	-0.249591121903038	0.141332277733039	-0.122525506485724	-0.290357028687423	-0.200460263890558	-0.215334116389115	-0.0868879987957668	0.0158767722174971	0.0281303376939975	-0.0241695423998562	0.0561213311150853	-0.12650328803268	0.0365938033583465	-0.223196727823638	-0.175362744315627	-0.108666880380285	-0.174563084063351	-0.094779638747818	0.146916430956538	-0.208396913639905	-0.0149402780897184	-0.227535833801579
"87"	19.35	-0.217392468822835	0.14769932149395	-0.129744915224915	-0.268767820605915	-0.185478088929334	-0.226331889294637	-0.120092746109112	0.0205810355871332	0.0207409122531226	-0.00760408592177602	0.0298716745887687	-0.115406410073491	0.0323025922628893	-0.13609514635535	-0.16379958090772	-0.0930288727456705	-0.15612169826697	-0.117669455723158	0.149928673879145	-0.19106063961438	0.00423552628791366	-0.245866061008423
"88"	19.5	-0.219776995591369	0.153127991639324	-0.165727309408317	-0.281318365945247	-0.200625911932805	-0.202002436727782	-0.10341960145633	0.0208629352337455	0.0466651997886221	-0.0165692596892737	0.0308259954318599	-0.0638996430370626	0.0252263635255579	-0.134241671373865	-0.148807565292107	-0.0773725070068051	-0.119154145428041	-0.141480892941971	0.135003588838978	-0.211552284288936	0.0195114877510314	-0.277137530235286
"89"	19.65	-0.144046326350765	0.132884884252423	-0.150093025264744	-0.288465711692061	-0.204542011892678	-0.196833481838561	-0.0676175106918488	0.00218110882108305	0.0334797238243375	-0.0275226756849699	0.0651393145126394	-0.0402807134595047	-0.00173129691466078	-0.139492166676919	-0.149254289608852	-0.0424712678786551	-0.0480967614439272	-0.103457693527748	0.0822641986441434	-0.194190430830815	-0.00367669370112871	-0.263786483546252
"90"	19.8	-0.171611541114626	0.0688861592758449	-0.174977968309886	-0.285720112018934	-0.225919398250019	-0.192287265246968	-0.0300481828912922	0.0092396831328879	-0.0347828514272588	-0.0954387161666946	0.0386959420781433	-0.0872318928448202	-0.0290984322697009	-0.134456783352966	-0.159668134779712	-0.0464592691860059	-0.0459827766933161	-0.141310429994252	0.0503107815351366	-0.185865488003662	-0.00111381120771716	-0.276419613970555
"91"	19.95	-0.0826772897730179	0.0310497667591187	-0.218546403440177	-0.23332099361356	-0.267540074299109	-0.184161753759977	0.019362798895846	0.00329817009199424	-0.0377512415722153	-0.143471199250229	-0.0145004671518944	-0.015110294989607	-0.0475032185429427	-0.0781367235533886	-0.261806682790203	-0.0503556983727843	-0.049115193904231	-0.166922854645693	0.0785559064566224	-0.21925400559383	-0.0287420726056826	-0.267571278710136
"92"	20.1	-0.0972031915845621	0.041991311003302	-0.183845768289166	-0.325157305920572	-0.316796954887166	-0.185984856828436	0.0807479609345561	0.0044220864732629	-0.0608847650574581	-0.140283811529733	-0.0668915040564449	0.00730298598866891	-0.0370164531285581	-0.0506142380817297	-0.204455554304357	-0.0564093061111618	-0.0500706458542391	-0.146165206968687	0.0547073566098423	-0.249880370653485	-0.0157775006753765	-0.311779718919986
"93"	20.25	-0.102170206770799	-0.0377375122676668	-0.180088437981958	-0.329363368970253	-0.357437843830418	-0.165379254410636	0.0824843569108068	0.000796498699158561	-0.169445336704093	-0.120306144461169	-0.0336596619009626	-0.00226289794781163	-0.0619316991152451	-0.0374079766556884	-0.20054890721061	-0.0127228743540595	-0.0672879309957744	-0.117943376919711	0.0442854282149118	-0.224021192407782	0.00611687236541739	-0.321776930727324
"94"	20.4	-0.122317532172735	-0.0499987297240266	-0.191971605531901	-0.391166962453133	-0.348145348827244	-0.180677433735961	0.0810180124575627	-0.00463195584554781	-0.0181161525422805	-0.104998357279533	0.00358300315257006	0.00568405395397465	-0.0759932305772415	-0.0347006841592427	-0.193847232084654	-0.0219226188602034	-0.0292701607936746	-0.0972194291951221	0.0156954305920735	-0.231843509311787	0.0248723609987495	-0.343988578021156
"95"	20.55	-0.134518540021032	-0.0586144174145065	-0.181632549238442	-0.409485921867472	-0.347907686912735	-0.16660568835389	0.0848461335568907	0.000105712713774882	-0.076280016703463	-0.0864611825709367	-0.00743447378929415	-0.0113196488462968	-0.0912471915052969	-0.0414205863601602	-0.182759660153627	-0.0261607911756096	-0.0575180945037379	-0.0792680391151395	-0.032162242959656	-0.220319190296293	-0.00720762366498265	-0.337003614904809
"96"	20.7	-0.131072294096475	-0.0317861639868089	-0.16979023607744	-0.417165766269223	-0.352124003073107	-0.181924983410122	0.108910364719288	0.00243722142476236	-0.0844863717507477	-0.108601699042136	0.0320877015052579	-0.0220944912857284	-0.056342512252475	-0.0386607356537369	-0.247577220189649	-0.0269884101828922	-0.0678677499448608	-0.121121464500507	-0.0986012719889132	-0.246235024031611	0.0755902776834646	-0.301517806722907
"97"	20.85	-0.140607688150377	-0.142321402958807	-0.211077018746816	-0.408015565193759	-0.272144743433899	-0.192539237486687	0.075889976290742	0.0697195247283183	-0.120342733154676	-0.114152714806403	0.0243594324599542	-0.0356652721939745	0.0490756348531952	-0.040401315991275	-0.266287802755169	-0.0287712561800803	-0.0696547185902471	-0.0761411601681833	-0.0872905830985767	-0.286110012090878	0.0764296248278798	-0.286833097644369
"98"	21	-0.098189961260007	-0.166475897487095	-0.197340338177266	-0.420867222716568	-0.400666944199081	-0.193057129007671	0.0959726320567715	0.0738412860216134	-0.0990317049310432	-0.138552893751137	0.000526022010832634	0.0245371264713276	-0.0165748497323519	-0.0347256765413039	-0.238702488119502	0.0388313398495737	-0.0692972107187843	-0.0211529802116688	-0.08961629167165	-0.30703479515257	0.0639959034282127	-0.285924318876492
"99"	21.15	-0.0415874988344201	-0.183969516032838	-0.157344346163216	-0.392347570071371	-0.186385382958673	-0.179352287451722	0.0648617414564665	0.0723539290632405	-0.0709877136796603	-0.10130430470504	-0.0214521019517806	0.0784596581868124	-0.0123466974730365	-0.0524541936660734	-0.199634744533283	0.0245019425667943	-0.0334930523734145	0.0954210782085148	-0.0984639465902801	-0.439729469623696	0.0955223136772076	-0.289560677735557
"100"	21.3	-0.0866936516774704	-0.204818339211955	-0.170749098471312	-0.361583003188927	-0.184927441227703	-0.164192884929896	0.0370067968138562	0.0579113896271879	-0.045304137635947	-0.115754028247251	0.00470042683185524	0.0465230312789622	-0.0906533788555107	-0.0439899218717396	-0.186083849017035	0.018517400029604	-0.0188911782168969	0.230025585309244	-0.0890939022435088	-0.448326761354822	0.11293226737173	-0.282268099393294
"101"	21.45	-0.0607235491198398	-0.111908305502847	-0.177843342804649	-0.415022434399278	-0.194878688362302	-0.119351485033925	0.0409439589544939	0.0808786938929145	-0.0303567993109994	-0.0840129302478619	-0.0207643511885731	0.0523410927125023	-0.112552377506535	-0.0571931062126364	-0.197783571927826	0.0432932256990508	-0.0620549576222951	0.237163940149661	-0.100189660013468	-0.466925280042589	0.11215944580432	-0.328559856821299
"102"	21.6	-0.0610946912743187	-0.126245534923328	-0.17140447151664	-0.344277635408248	-0.163748014233019	-0.122835535351635	0.050553017809485	0.0417520521777446	-0.023969244354898	-0.100309037507365	-0.00313932284571782	0.0597411095202017	-0.138599558053328	-0.0498900991656146	-0.158593128489684	0.0262181523565389	-0.152529616586712	0.236582858441613	-0.100255721027241	-0.477661299034324	0.106713619298456	-0.363051103299732
"103"	21.75	-0.0738050054203145	-0.109590778570571	-0.1668660096038	-0.346806873467415	-0.197507716059087	-0.119328637411866	0.069088894200568	-0.00191046602670808	-0.0611329338327804	-0.0731531466021607	-0.01280028640524	0.0958451995880061	-0.173294010347404	-0.0421391612618975	-0.150970049949317	0.0275952059297122	-0.2091686871022	0.250006447699412	-0.0949205517070597	-0.488408850672303	0.122201802209314	-0.363875036565918
"104"	21.9	-0.0945341399003476	-0.111564767831488	-0.209886028975365	-0.334045552399479	-0.219563283733968	-0.0874675047587569	0.0819133980775359	-0.0134116570999354	-0.109282434053109	-0.0985399179367562	-0.0285636102714855	0.0598352879603147	-0.120322887208646	-0.0404521252037782	-0.137267571231243	0.0271031807002562	-0.137075331928823	0.261220004485138	-0.105269062667182	-0.445871262095609	0.132519400074698	-0.35072953835216
"105"	22.05	-0.0976800179232823	-0.133369532340661	-0.271074120286103	-0.349029654931444	-0.181303489711642	-0.0937755942272424	0.0828156569538439	0.00423506486164749	-0.0786191771354603	-0.122275934014084	-0.0306345707506861	0.018887759231708	-0.0881982056676823	-0.0270277626106347	-0.0845666033224495	0.00783204052081529	-0.138279615659387	0.245184774911143	-0.112142610874987	-0.411265609917194	0.1260818988877	-0.339957856313397
"106"	22.2	-0.0992560962391716	-0.0870691586889008	-0.287999455546993	-0.347741417360955	-0.14872243357653	-0.102892307898954	0.0827066953145594	-0.057991090388157	-0.0789605716046367	-0.137970204983325	-0.0335890081974263	0.03946716025726	-0.0822540981164248	-0.0433640826845877	0.00250326901821454	0.0239845719354908	-0.159382256898128	0.263762242528107	-0.145397980560916	-0.40103916826176	0.131900586625618	-0.340867807211344
"107"	22.35	-0.0865856465228551	-0.0558645324608035	-0.275353725021109	-0.338849569993177	-0.16233064162772	-0.0945866628703509	0.0783717074619449	-0.0331085366827199	-0.110341376600374	-0.102698659535223	-0.0352619195897638	0.0470805060427917	-0.092304737131229	-0.0585464677762319	0.0873637541303056	0.0865330170020929	-0.147418083091826	0.284013621179346	-0.165603893418988	-0.439308227349003	0.0709872235632712	-0.33884038756146
"108"	22.5	-0.0850579708026149	-0.0103489477534469	-0.298562568971097	-0.294482803405279	-0.182640740083976	-0.105790828145706	0.0695787532589356	-0.0674329488955163	-0.0376905417073558	-0.1163532096998	-0.0630201405620114	0.0570999763691333	-0.0732052487597663	-0.0427306909888595	0.0656131859301917	0.12809425525423	-0.164403182839333	0.267220629756882	-0.161541182518198	-0.311624696057754	0.0879197539803578	-0.330174844823304
"109"	22.65	-0.0878663013214316	-0.0176770528360496	-0.314373473146938	-0.349272064712388	-0.206888226265318	-0.0959039197801539	0.0731013162394842	-0.114650516001014	-0.0500871932318379	-0.129251491835523	-0.0942388015224071	0.0515318477418078	-0.0596089057308002	-0.0909177022745465	0.0671117108116127	0.0827334564536198	-0.174439849775297	0.257210850153931	-0.0831036036885193	-0.30723052179711	0.107781720380726	-0.323854827546604
"110"	22.8	-0.0900479197050592	0.00654122680816746	-0.299938384944373	-0.181960523120641	-0.247881697309753	-0.136581468227658	0.0709948327880063	-0.121266616143152	-0.127700355176903	-0.105856433356834	-0.130924337873708	0.0762589811695976	-0.0265170797746769	-0.0165123133182184	0.0412957877712429	0.122367066088813	-0.203518045518249	0.252036198391676	-0.213962516448559	-0.315992778593424	0.097393392895275	-0.319801312036564
"111"	22.95	-0.106808787469568	0.00586720879524113	-0.30789648500273	-0.115312753477504	-0.275882378197237	-0.141862725866565	0.0734516886421791	-0.122705806038562	-0.161020091983548	-0.133042818340106	-0.151018403546171	0.062613536497913	0.0131390844438985	-0.158916415728638	0.0284660511314648	0.129173457819498	-0.212221163896325	0.280463946082935	-0.163815471013889	-0.328565436683675	0.102742499593673	-0.347909878041002
"112"	23.1	-0.108160357578597	0.0119263006072454	-0.283990298371636	-0.090074125680783	-0.265829079598852	-0.0927792264631956	0.072020120339064	-0.151890063439937	-0.16609945203004	-0.138485612524566	-0.145660093652661	0.080841958234636	0.0363615910823696	-0.110193827497497	0.021128718116464	0.128215844732658	-0.203150679436186	0.310772010404958	-0.205730678677555	-0.301163081886492	0.0667922616517331	-0.293255058837644
"113"	23.25	-0.116606517123281	0.00373679129959242	-0.278823199118033	-0.111242507548556	-0.301340485121376	-0.100351068873818	0.0445023046103152	-0.192678489989314	-0.168227220880617	-0.141869022844955	-0.14713573860613	0.115357233195954	0.0246698717965917	-0.0732098353312789	0.0351449647326245	0.139924291202549	-0.21674538899996	0.326683145292833	-0.302995034955456	-0.270104367638737	0.102689783988394	-0.272938968353604
"114"	23.4	-0.115649494431998	-0.030729990085436	-0.289814337940602	-0.113262639306823	-0.247629460289184	-0.0909449456204649	0.033371839118125	-0.199861095109236	-0.119924616584744	-0.140577502294473	-0.222132443316026	0.100743946993166	0.0336437159964086	-0.0103606691639179	0.0322217098806353	0.105177669622595	-0.225513609449249	0.344788891059843	-0.290868171246184	-0.259889093291965	0.0969704123297621	-0.271856119688765
"115"	23.55	-0.112594238818451	-0.00649423584132614	-0.28105732857105	-0.120665945894182	-0.143112289238471	-0.0567104686906447	0.0263599550619842	-0.185072684198847	-0.102465232316145	-0.136115483437868	-0.342554103344526	0.0942609331080804	-0.0218825618401284	0.0334911713072332	0.025713081396819	0.123366127835601	-0.246230145824333	0.34992587691009	-0.281301150043592	-0.241108423283966	0.0837960848090106	-0.316191778152356
"116"	23.7	-0.0836384534929294	0.0117636562438891	-0.275602717627425	-0.0872695568404811	-0.138121788158383	-0.0399750328256099	0.00500847359751858	-0.202271603463601	-0.0960579665551774	-0.122583259294038	-0.355960446151033	0.105702639916932	-0.0513097910697113	0.0342692364995799	-0.0169825136272997	0.119476956619556	-0.243682797168979	0.351090796200242	-0.27913100273809	-0.287252093935438	0.103411265995571	-0.228222757916914
"117"	23.85	-0.128625049244863	-0.0276913167143232	-0.284378713157519	-0.122637480874843	-0.124743325595562	-0.0533923227500496	0.0158470214330321	-0.168664286403396	-0.214164895963007	-0.154762194219252	-0.356318680844124	0.100123806033443	-0.0622306525157981	-0.0279438380739565	0.0235332855831658	0.0870956647169234	-0.233325746897955	0.388607335286378	-0.285440667665361	-0.244562362791867	0.0808217145041543	-0.222271596463459
"118"	24	-0.0897808212706906	-0.0581439025696102	-0.295186873138052	-0.0999539812593624	-0.0993777147741455	-0.0454541667864266	0.0263943275233742	-0.137227957477314	0.0420908568499539	-0.141522785220851	-0.377810047441268	0.105933968131229	-0.0972099682452778	0.0113792994346682	0.0372610949980895	0.0917592256832366	-0.182303610620856	0.400182356604682	-0.292429820766245	-0.212262479522105	0.055352505438356	-0.198099250979956
"119"	24.15	-0.0657248942804847	-0.0687200966986196	-0.316517317332259	-0.0642669093908604	-0.106656523436238	-0.0627375245309034	0.0357163968482093	-0.135863297713656	-0.00875231829715888	-0.145219991776064	-0.370989518285987	0.101943041221512	-0.0617140622963011	0.0293507114758187	0.0552026944806138	0.085491364089134	-0.172633926308194	0.402293902145543	-0.280368454998162	-0.201373463245131	0.0387765771020161	-0.180097604188119
"120"	24.3	-0.0390157150862528	-0.149951139734168	-0.294138071567226	-0.0731963248574136	-0.134097322556088	-0.109430760980428	0.0682600394451037	-0.125209077854481	-0.0139807346688353	-0.119676306312352	-0.363565839906581	0.0737084577302124	-0.102110471406865	0.0412975163545743	0.0814117724325204	0.0390938911842539	-0.17994609438185	0.39417157892102	-0.2781019322809	-0.199364232667564	0.00631043070696812	-0.180455095268548
"121"	24.45	0.0120453775514265	-0.201754137249725	-0.289846571582754	-0.0622799837655375	-0.135610040683418	-0.0881042840196821	-0.000372480198195175	-0.163780743597156	-0.00190315907194868	-0.0935870081146603	-0.330384807179233	0.0938759691326433	-0.172892454344262	0.0128653597214033	0.0541885993031453	0.0197113432329422	-0.169367973026921	0.382130152945931	-0.343163883626587	-0.196074545790009	-0.00447002740988676	-0.177604792879114
"122"	24.6	0.037604778433317	-0.203027656885068	-0.288513191263194	-0.0371052285065457	-0.131345391135301	-0.08025991585675	-0.035259132645598	-0.232168714744071	0.00206587596678551	-0.0912592771259908	-0.398952079317604	0.106985590244618	-0.146366068426795	0.0162210694387252	0.0125098897643322	0.00757118404074417	-0.150228361306315	0.36514686665268	-0.337078835405487	-0.203645097592466	-0.0092837301409316	-0.151447476437612
"123"	24.75	0.0145232117395164	-0.195178136594442	-0.305805379263615	-0.0163797985039966	-0.135865494142482	-0.0807453283704631	-0.00501054974373563	-0.257025981162225	-0.0046854077568986	-0.0905005322655064	-0.399246414244106	0.151599175077837	-0.16902220840873	0.00955709524642539	0.0517174237692099	0.0346647018089852	-0.157611752554555	0.368009852640192	-0.332999603663531	-0.18518354031875	-0.000837437921598528	-0.123765014977488
"124"	24.9	-0.00925285699557792	-0.2203370734206	-0.313840097934103	-0.0205731616911267	-0.128584889136913	-0.0907771807084762	-0.0147843010718038	-0.262365408952462	0.00182873926176786	-0.0883093479033272	-0.405087502338394	0.144952331567655	-0.0553404822305236	0.0102083545338231	0.028954447193787	0.0588474046755742	-0.183056520015692	0.373386987117269	-0.347565697550501	-0.162001808669818	-0.063569597597086	-0.14814474977902
"125"	25.05	0.037913213325376	-0.258821451298761	-0.311831816169388	-0.021877957102907	-0.143714697658285	-0.0851927769891854	-0.00408173061342302	-0.291170007061784	-0.00195534750010929	-0.0979683200531387	-0.435119157287781	0.0975878313731426	-0.0385461316021476	0.0146808025372241	0.0294079797171579	0.0469539632304477	-0.173915237815283	0.39211113432102	-0.262003315352514	-0.10488227678353	-0.0700160988821358	-0.104639744899167
"126"	25.2	0.0345454938967213	-0.259013489023305	-0.255936091079387	-0.014947213777428	-0.130538267616376	-0.0539915757644817	-0.033686731276982	-0.269831842236275	0.00394872761906659	-0.072296798878466	-0.385576209515971	0.117631921988478	-0.0358042049029331	-0.00282486409176205	0.0359106176883712	0.0493835767964152	-0.162174253809494	0.357388365761162	-0.276575406078086	-0.22083530398331	-0.0853660274038476	-0.113890509487936
"127"	25.35	0.0311793367698008	-0.270929595296231	-0.218234553328911	0.0308415545845718	-0.11526766762333	0.0419364104760524	0.0314451198577901	-0.274128180361481	0.00935046046370606	-0.111833148880861	-0.348784043576884	0.18867013921166	-0.032462592867353	-0.0292515891197997	0.035103719238097	0.0880043768879484	-0.14732141998473	0.331263113278136	-0.261818744716567	-0.184302579958787	-0.110487932985385	-0.124910176261897
"128"	25.5	0.0372099631892006	-0.290323649527854	-0.221989427748482	0.0663828453628082	-0.0771309715749354	0.0687134038163644	0.0802671098874281	-0.25540545813199	0.0262228597992851	-0.0938300143516549	-0.377473570177319	0.224479245859398	-0.0127688942102512	-0.00816934610236544	-0.0413844071793042	0.12251793404765	-0.137572406226793	0.335430970157633	-0.246505063173509	-0.176743362810737	-0.0602783875278565	-0.136366971250105
"129"	25.65	0.080692002841578	-0.28520426374618	-0.230926415877686	0.0923896011545867	-0.0609377685810414	0.0546524382079352	0.0657045744786823	-0.255677153577664	0.0222778105444081	-0.0962250464023839	-0.363588200560416	0.206823554802124	-0.0327016444603989	-0.030597672181121	-0.037104434483888	0.147198891622763	-0.137722787658986	0.341057489700002	-0.273369320787725	-0.15825062175665	-0.0595844793631177	-0.111579800001481
"130"	25.8	0.057630088309799	-0.307559849782884	-0.273406411153326	0.0830384845205994	-0.0449600468625854	0.0781473569686929	0.0964010390073492	-0.266726265141165	0.0242131520816939	-0.165181639196519	-0.33048525470324	0.2126175604405	-0.00703456493235209	-0.0720710675615252	-0.0361549914220261	0.113959017573938	-0.139219885289134	0.356247816555839	-0.272958408464134	-0.156962410749583	-0.055476343348106	-0.0842611106009141
"131"	25.95	0.101187019641902	-0.277879327751507	-0.224602537994824	0.0226773513411184	-0.0533115856129916	0.0765230571203077	0.128386290254986	-0.236115889718949	0.0192640098743265	-0.148961233495034	-0.361398549407195	0.193359397483347	-0.0194894328463566	-0.0991043895097053	-0.00705954307338241	0.0666913147802885	-0.140351879740102	0.378761270825005	-0.292896689548991	-0.153592836633356	-0.09261548368825	-0.0408456036572377
"132"	26.1	0.0665850783891823	-0.307402171089535	-0.250117498224999	-0.0193133241682779	-0.0516206869612437	0.0464794854141956	0.104934534728649	-0.230319264566292	0.00677318287994917	-0.150102021738956	-0.341198784693767	0.139010048502414	-0.024360435279756	-0.0603758660105847	-0.0150996667894171	-0.0111474829004703	-0.184484149867221	0.371799294122071	-0.300478781167719	-0.133500697813479	-0.058250678292516	-0.0416207849320707
"133"	26.25	0.133714082361349	-0.310747794685366	-0.23979747588364	0.00319275335371424	-0.0170193101132455	0.0805658043699907	0.0654467687127083	-0.255311499737903	0.0241582945938737	-0.101379469687936	-0.319125491061364	0.139259174897874	-0.00126318924744191	-0.0853322963970388	0.00174512153114583	-0.0282263151502892	-0.160860535985129	0.419735977631816	-0.281855795607766	-0.127952886009924	-0.0539908418348639	-0.0408375528645312
"134"	26.4	0.0151108539290748	-0.308805902580711	-0.229000105539148	0.0216759407854885	-0.0169905405129822	0.109634801749693	0.0221943300163086	-0.28206948282716	0.0200418501712576	-0.0650422872953827	-0.237633942535519	0.123730706388339	0.0150284794256349	-0.148859781514226	0.0243613542679303	-0.00372211202848959	-0.147648367201571	0.448442384945802	-0.263798284061246	-0.0953901814829771	-0.0532551999155555	-0.0465637727780906
"135"	26.55	0.0357128712718659	-0.309172907533594	-0.281827693854642	0.0410742144665658	0.0457393147806339	0.0709998946506973	-0.0498050221576647	-0.301131876100794	0.0300917201490207	-0.0863523173009965	-0.203153904681985	0.141575863323079	-0.070590255591644	-0.207255660985755	-0.0218316686426528	-0.0124664334096253	-0.154459587798979	0.446424150532968	-0.23741339961477	-0.0690041659541742	-0.0445841374905154	-0.0733955008300993
"136"	26.7	0.0488462764737047	-0.305839995589808	-0.269977726090071	0.0513685767125273	0.0673460158391471	0.0448082232260979	-0.106111319211259	-0.320117831966379	0.0510777349079662	-0.0845122775546602	-0.231930313939698	0.151533298832695	-0.0529981336845275	-0.2079398685699	-0.00884385465212442	-0.114162292238301	-0.144485903274077	0.415825384443126	-0.235990703307013	-0.0778965844878778	-0.0610934360755636	-0.080830622407574
"137"	26.85	0.00438641600159489	-0.308134321690919	-0.286884690161427	0.0720667477095672	0.0689285623736101	0.0577673924514052	-0.10137571225935	-0.303031298697731	0.00554152396183175	-0.0887238020859896	-0.193976737491757	0.173818771030339	-0.0614244986402724	-0.22837324634426	-0.00641156658713279	-0.0628436074871947	-0.16641066545552	0.412934284903556	-0.246346619397988	-0.0730308469180169	-0.0712511129160988	-0.0247738230841156
"138"	27	0.0741711961127914	-0.305173133555627	-0.282361704388962	0.081853190189393	0.0777842032894381	-0.0311971422636661	-0.0990785142927038	-0.324131126970635	0.0528483547998231	-0.100768761458453	-0.255428438323426	0.16451330657171	-0.0331465843009907	-0.183670619946798	0.00833840256306919	-0.0516150426907171	-0.200206905078907	0.39862601162476	-0.18454020699584	-0.0542726927820612	-0.0529068377302909	0.0596204805384252
"139"	27.15	0.0798013977336735	-0.312681472395426	-0.326745845973673	0.0870298020258728	0.06018998802084	-0.0337059657524659	-0.180936274466014	-0.33329183933252	0.0572635446584529	-0.0760337040141372	-0.277901518173443	0.170659378719421	-0.0312375816698379	-0.189552822538758	0.0536916834844639	-0.0477199141607263	-0.195677013407183	0.459357276212279	-0.184696235107803	-0.150383868860496	-0.116121447229498	0.0280403622131747
"140"	27.3	0.0439468617821154	-0.276043240195548	-0.274351510712719	0.0875763990497874	0.0790676297206502	-0.0322419679511665	-0.173335043903811	-0.350619099867177	0.0678069218645086	-0.0391690811819254	-0.309737564085758	0.262430344401434	-0.0328705727557877	-0.180657648840348	0.0547889961129745	-0.0218922629399679	-0.190558438417458	0.412339553178372	-0.234354341194107	-0.0428287533689496	-0.119529297191394	-0.0168801772663734
"141"	27.45	-0.00130148294229575	-0.270677807213113	-0.266854709266912	0.0757273623252955	0.106591917201603	-0.0201932700405628	-0.167636154882913	-0.351533050811423	0.0225064318392053	-0.0547828976407633	-0.301590297725101	0.183528709046278	-0.0279203804986801	-0.218188002953913	-0.0106690718588482	-0.0315582997101873	-0.190177558184778	0.410777309012753	-0.253914747348607	0.0108102984590293	-0.116771070895376	-0.0477240580882058
"142"	27.6	-0.0701479919211194	-0.273979175988755	-0.287632877481542	0.0678183384081909	0.0295197551217793	-0.00448010965568642	-0.161132393399159	-0.358388656556069	0.0744145708415651	-0.0500015339607431	-0.267584871184725	0.160392574181313	-0.0188538551227332	-0.278092214479786	-0.0498763497799321	-0.00992193563944441	-0.189367113905855	0.388122289003388	-0.230454104279636	0.00833305132708344	-0.11797764243846	-0.0724370376685047
"143"	27.75	0.0895680474833613	-0.294325148801135	-0.277953153380912	0.0470045440434183	0.0718876390726465	-0.00606465706415399	-0.122086751685859	-0.355332435272465	0.0686553680252562	-0.053006384781134	-0.318798821577757	0.160693979795097	0.019701595602713	-0.140099861593269	-0.022992868728021	-0.0315335625907385	-0.189913187635382	0.258793523111602	-0.236383834160367	0.0221956657502212	-0.119180312815859	-0.0839561960700033
"144"	27.9	0.0202076587660122	-0.313027133553035	-0.256711348394583	0.0806791426270554	0.0608787948908554	-0.0421701671589096	-0.172963533204488	-0.355314651669853	0.0703269020980394	-0.0916651986145691	-0.279589315918434	0.148558962899613	0.0067382708891893	-0.0949586986832735	0.0233245694043445	-0.0261667849125794	-0.167801728356417	0.229831470408628	-0.211023476202093	0.0362903391427385	-0.121182453951471	-0.0907559853396768
"145"	28.05	0.0336026378034488	-0.307804144693961	-0.285422271934258	0.0544479592494322	0.0368884575472639	-0.0569981643532426	-0.165406660339216	-0.355562211014324	0.0685420066800105	-0.0790144631523323	-0.281957679014904	0.156399141145975	0.0216097401146767	-0.101859657338986	-0.0424783781762376	-0.0879274850110471	-0.109818518953296	0.275613856988026	-0.195996242938927	0.0438208782894241	-0.12089083983105	-0.0835444187031852
"146"	28.2	0.0395338003127052	-0.306009477460617	-0.297305618646759	0.0542048903354594	0.0484070542369739	-0.0507750355110682	-0.174609019114988	-0.341417191884989	0.0943444277580457	-0.107834931859877	-0.261727721130149	0.140498406284878	0.0703338737063642	-0.0935215546282027	-0.113203171661334	-0.0978280864425823	-0.0502752063593165	0.273719611473092	-0.191665759728179	0.0588862041790495	-0.138103864909896	-0.0794752188024227
"147"	28.35	0.0644113673008656	-0.280577140181924	-0.334027750531602	0.017259507887055	0.143436541359749	-0.0882532235219061	-0.206289646721972	-0.347569033128055	0.10508222834794	-0.100555763379933	-0.250072301078433	0.188352430403755	0.0297698084985874	-0.0727363661247552	-0.0697561592029781	-0.0920764876490249	-0.0965181225306407	0.265765510795721	-0.097251880673213	0.0380931271244578	-0.152645160117146	-0.0908529987445184
"148"	28.5	0.0364933873855832	-0.353816634211878	-0.392274336996397	0.0345255066791295	0.103582922198772	-0.146021981731849	-0.208830459215005	-0.380780569509866	0.0754866038732488	-0.0845407931219076	-0.239298766558903	0.170874568203398	0.0669148626573096	-0.0912279401226375	-0.0904519554524973	-0.063740762479535	-0.0727120597083151	0.287049880805013	-0.123703593546739	0.00780838039181658	-0.153635419210203	-0.0539356970888618
"149"	28.65	-0.0019741123172069	-0.349502149314088	-0.436743821098573	0.0751748698307664	0.0876558461428793	-0.151818778270779	-0.20943957793581	-0.352850933533973	0.0808402928189711	-0.0569857605644746	-0.241128734851752	0.163662086281897	0.198820620435692	-0.0815457678078386	-0.125022173307686	-0.116616910405129	-0.0710232699041513	0.27724394345908	-0.110880629547288	0.00281500686192481	-0.156021254797758	-0.034087743286231
"150"	28.8	0.00476508818536354	-0.374310869371611	-0.420866954879115	0.0654136474467607	0.0999817535271985	-0.194499002658041	-0.201891002156466	-0.359610059580327	0.107015656723857	-0.0651584123904649	-0.217743836396001	0.160077045616123	0.124433938700108	-0.0692462554216585	-0.141280683059629	-0.152344523282301	-0.0518345419383871	0.248270306548987	-0.0717024150332451	0.0138165104397394	-0.144467336297866	-0.0303572233554939
"151"	28.95	0.0181184932593655	-0.388016284801673	-0.39039916776898	0.0426935775694084	0.122996341710969	-0.215377342431664	-0.188925636669047	-0.340082977572268	0.0698079165968533	-0.0606278808056738	-0.258363789716971	0.161722879578339	0.121182681600827	-0.120415918951749	-0.122312387693607	-0.199314577642255	-0.033529913134468	0.377271558215832	-0.101640072643394	-0.0382814301249547	-0.136808463493454	-0.0293837684389386
"152"	29.1	0.0249892876058977	-0.466925632388724	-0.341543284825771	0.0876587652506592	0.143680910891741	-0.188530674316669	-0.176484572652269	-0.340029901012479	0.0357032831977958	-0.0375825870947936	-0.245033758367147	0.173766730462782	0.0922894276422088	-0.0854695334229877	-0.158791460575606	-0.135324752299605	-0.00985427479806146	0.291303322515687	-0.119829151082447	-0.0155082073556333	-0.163419027383347	-0.032311866436588
"153"	29.25	0.0348703886095007	-0.375708449426969	-0.374872879126848	-0.00870146972518379	0.148476428902613	-0.132814650613482	-0.137189222322164	-0.346727243777151	0.0865250400434954	-0.0729710465135499	-0.246269243746037	0.109745218721755	0.0904951368691605	-0.0992702519702334	-0.0525246861097171	-0.0851014359889969	0.0239735631472734	0.293571357568835	-0.0985287861536556	-0.0267594039599277	-0.182783348540821	-0.0477798245288386
"154"	29.4	0.0457687691776721	-0.380103138881078	-0.414559634565237	-0.0537512833017709	0.178026832194786	-0.137245703923711	-0.142120538171282	-0.34851876815335	0.13112842986127	-0.0642344999080868	-0.229099663445829	0.088497942554856	0.0298770005969516	-0.096543163730457	-0.0826577768498804	-0.0883314983751819	0.0982663592098234	0.27799856090795	-0.0999546223995312	-0.0157270592109867	-0.174262025117344	-0.0207096360111252
"155"	29.55	0.0568884894867191	-0.383046519809889	-0.440916571136167	-0.088006434780136	0.167635444920361	-0.10137862825079	-0.132844031994588	-0.32308174601676	0.141326764664018	-0.0479193557381304	-0.236220809207878	0.0956529509273597	-0.0226516611862795	-0.0942899675121857	-0.0511046908649487	-0.0852531266954493	0.137168363615493	0.265959338259315	-0.102370886776595	0.0149798361405756	-0.161993134246401	-0.038897774893022
"156"	29.7	0.0408914165145812	-0.378602769479311	-0.463581238411157	-0.0516909375773117	0.154479441529686	-0.164923883483702	-0.199632147812927	-0.296754088764519	0.137786486846118	-0.0537421196148245	-0.22953676636994	0.110949391357875	-0.000520441950775858	-0.069341680942369	-0.0729103550879567	-0.0948472828308326	0.163034437989131	0.27427899992255	-0.0826898190864284	-0.025225643676855	-0.148455385068191	-0.0622160693685315
"157"	29.85	0.0414117745809307	-0.416653205440809	-0.448130913153468	-0.0493685462328935	0.0896265446499517	-0.0663709087265838	-0.184616113954846	-0.257316609175015	0.098386241384283	-0.0165540835207111	-0.214172746211061	0.0981554176500661	0.0224343695446347	-0.0830735948018882	-0.0750023140347703	-0.0740894214157199	0.163739504213468	0.248540866181579	-0.0769426650815443	-0.0558234393985783	-0.154328366723367	-0.0722179187706292
"158"	30	0.0412417570564942	-0.434633617131177	-0.443695180619679	-0.0391987641656022	0.0374796552340533	-0.0844236035194228	-0.192364199957738	-0.23803469800933	0.0849202466082527	0.00981464499044927	-0.246585857728184	0.0893423814769786	0.0351350753523771	-0.0960789220684724	-0.0747865394332682	-0.0919886612732676	0.180586215853902	0.246626563501623	-0.125506660535391	-0.0421729893921386	-0.147949058138485	-0.0713700645730994
"159"	30.15	0.0517935727604925	-0.424423517364972	-0.421263018814546	-0.0670810364911903	0.0610161348454338	-0.161949321083527	-0.180156040311649	-0.252522615813385	0.0669055921262198	0.0375039106233295	-0.245825083296406	0.0656697891901084	0.038630477546675	-0.06092171752441	-0.0228427534691641	-0.0699389393123301	0.162173382144169	0.241558048425042	-0.15623825272795	-0.0204877142721997	-0.150121521301971	0.0103739489451883
"160"	30.3	0.0424346556540013	-0.420471023353847	-0.405396432476874	-0.0552708272455388	0.0180767932596163	-0.0242877163176277	-0.208768785494294	-0.214148607259278	0.172602909591923	-0.0638804035422706	-0.237757102249163	0.0353986597018953	0.0285692922199686	-0.0257092673101775	-0.105621213675483	-0.0686149168118599	0.145193653709019	0.222564845062026	-0.136505740962784	-0.0381698691278811	-0.142423412882324	0.0565494834000127
"161"	30.45	0.0584103588121663	-0.422480514773945	-0.391449366457481	-0.0495594811924063	0.00372439003542028	-0.0431557082166388	-0.23222956796278	-0.245894068135885	-0.076068479397907	-0.152926443556279	-0.224020006960485	0.0246936599156438	0.0606292017515593	-0.0379388751114295	-0.0690829685852799	-0.0976293886023002	0.142565751676504	0.204195656769889	-0.11118971478764	-0.028953983698544	-0.146140357069324	-0.013203410921153
"162"	30.6	4.08341079427119e-05	-0.435877836772531	-0.395858509174847	-0.0328975119704194	0.013493475501749	-0.0385852390685563	-0.25524499832263	-0.302931675001197	0.00262707105491087	-0.226826531492305	-0.235403519396179	0.00676032255365273	0.0492910692516802	-0.0595771445937885	-0.111287505452195	-0.14716510083767	0.152641503949306	0.214381000165903	-0.0988107602506183	-0.034639166028304	-0.0874638049918946	-0.049453100767404
"163"	30.75	-0.00635654151815055	-0.428569974629627	-0.410154179327704	-0.0419954151286331	0.0507085615272717	-0.0325767352814771	-0.325946597590971	-0.315266201599266	0.0123597891448474	-0.174103819276358	-0.249018258158653	0.0423186381607215	0.0444665933798754	-0.0784453431662165	-0.161669025539307	-0.0938264349768634	0.190770741995688	0.202719458619435	-0.0695211371753454	-0.0394430573226057	-0.0563219462597092	-0.0753090136152098
"164"	30.9	0.00186399334634489	-0.381717793042064	-0.41266022191154	-0.0478405694078318	0.05809876554441	-0.0121957986004605	-0.274340416058575	-0.277075676941642	-0.0369270794493463	-0.193000496870033	-0.213881606025319	0.0113137288863321	0.0486062954060549	-0.047684558234015	-0.216535127939443	-0.0863689418210247	0.169148017613109	0.212135870333895	-0.0955458630814716	-0.0700553614300383	-0.0482352986508129	-0.084942939669229
"165"	31.05	0.00761772214310605	-0.36682204234565	-0.410998582604041	-0.109993141103506	0.0553862702733074	-0.0116867330350601	-0.269529627014418	-0.228133535470137	-0.0336917221612445	-0.203179487495395	-0.203932161077303	0.0605569135658823	0.0454516670513586	-0.0380966546213833	-0.228433935962036	-0.062296190027429	0.171647012270362	0.236095807853098	-0.123415488897796	-0.00663401895776077	-0.0291848706453502	-0.087536281433262
"166"	31.2	0.0631156038523585	-0.332284803640487	-0.395937252578369	-0.138385254262444	0.0674601182322339	-0.0137383595242353	-0.283840919603602	-0.21508389031466	-0.0334502818007894	-0.222046771482618	-0.18585736264376	0.068658725187716	0.0501046941257179	-0.029451515080407	-0.215718184637967	-0.0415771487910781	0.187000473293393	0.222020498016274	-0.178987108004555	-0.0196997493114098	-0.00742872062959822	-0.0778191993427915
"167"	31.35	0.0825247403541566	-0.341246565762725	-0.37349140711614	-0.130309521328492	0.0717600201404824	-0.0131852593778781	-0.250745477079583	-0.233503571239471	-0.031536542147225	-0.24608446077236	-0.166833899986789	0.0728961644478916	-0.00705619674380487	-0.0317763973388661	-0.201432729782708	0.000247519481675984	0.297190082157567	0.202618803542402	-0.197804702442967	-0.015097227818413	0.0440887160567213	-0.0876338395533808
"168"	31.5	0.0034139307364822	-0.277521623135841	-0.377458928838036	-0.130347559196259	0.103122512118531	-0.00825693645452305	-0.270221115892701	-0.199218277145698	0.0103227672908368	-0.24823202851378	-0.137556329195397	0.095509460028106	0.0118425301499249	-0.033777335001182	-0.223715914409123	0.0465730832695121	0.18442499170595	0.141436238410845	-0.221616321932875	-0.0210988981775557	0.0929246846624034	-0.101647864826051
"169"	31.65	-0.0340045098064286	-0.263942612650467	-0.358008557633677	-0.108247951347234	0.119794385888653	0.0166604863058727	-0.225570701086756	-0.204797882312037	0.0436679412994494	-0.249960168548373	-0.173461241069948	0.0720035933069135	-0.0210723202635785	0.000210421963833092	-0.251762949497895	0.0964215481774681	0.085041724965592	0.213422352405232	-0.216787905708539	0.0458955136275943	0.112626692299915	-0.0915806819707809
"170"	31.8	-0.0348368139167559	-0.264691415831983	-0.362867419361195	-0.172494197415208	0.114306018785709	-0.0232292662621286	-0.265879997850168	-0.206636554768789	0.0615216032548509	-0.232937276241919	-0.219904492549705	0.0658666065876486	-0.00938641613734873	0.0218925482895628	-0.215928678024735	-0.00972007259254902	0.0780668640217732	0.236160845601961	-0.216857172641717	0.0460310058025516	0.188408441130804	-0.0826393156541363
"171"	31.95	-0.037329393329205	-0.258814763406444	-0.332666737906853	-0.226960096442829	0.0998335460180449	0.0419059877358638	-0.215371073996215	-0.20766849892549	0.0415841639656845	-0.237678354655299	-0.194026698887393	0.0459044048694183	-0.00949901805674772	0.0646721641395472	-0.196076814068628	-0.00100144050934927	0.0716734882643442	0.199266455822284	-0.211196996368632	0.0354571500553076	0.156007053296043	-0.0785028737918862
"172"	32.1	-0.040671424537893	-0.249498740488338	-0.293665204729733	-0.244758595087357	0.0575140681139109	-0.0298055496171952	-0.148307437788254	-0.239348827870281	0.0338694713847247	-0.245543607021748	-0.154748329334171	0.0760510012698364	-0.0250615218474064	0.0243149069912353	-0.194698872095428	-0.0267682796376806	0.0884547076680756	0.168104346143209	-0.238779039074544	0.0328697635239242	0.129179741792235	-0.101914020155138
"173"	32.25	-0.0436729054792113	-0.229216816127934	-0.292277285201451	-0.248073358235566	0.0595140022483783	-0.0760185688572204	-0.157494400869518	-0.212206091649696	0.0290684182727735	-0.193547813601713	-0.170863417760966	0.0766572286593303	0.0122252678966428	0.045621523700882	-0.110231200345721	0.0127938245316261	0.0885482408331082	0.160583228362787	-0.192797854817518	0.0501546949258306	0.0624939856040216	-0.114095254555844
"174"	32.4	0.0487831117797916	-0.243226830813189	-0.338657612786865	-0.170848131166881	0.0633165895235632	-0.0843162285682502	-0.164811234239259	-0.208188374975663	0.0348616228134964	-0.204625167691543	-0.158077522403183	0.0695399322566156	0.0259982536894605	0.0346496441738615	-0.105702022233942	-0.0727591577762209	0.0860689925830458	0.157553652316847	-0.188951472897947	0.037717630505586	0.160413025648806	-0.124218203174069
"175"	32.55	0.085891307731227	-0.221117717978321	-0.310133649214115	-0.083296785942447	0.0549445185357674	-0.083342793157736	-0.156698764864439	-0.214196431401011	0.0339977884690185	-0.195941144632142	-0.174325891487533	0.0804929669205414	0.0328423793683275	0.016644110385963	-0.10841796280737	-0.0597148799516162	0.108238942834066	0.13480805016934	-0.202916886590353	0.0504019123237283	0.131770237194885	-0.16259375862237
"176"	32.7	0.0498212698731073	-0.203797994175019	-0.31483148289926	-0.0877821673672236	0.0344127063346	-0.0470153981957487	-0.147392907615355	-0.15159417978768	0.0332342965181235	-0.207068742669613	-0.164073661504439	0.226465934897675	0.0488257996084124	0.0144949461139274	-0.129905340443662	-0.0396422630678748	0.0643025294578997	0.112247989590434	-0.237104631191166	-0.00927854606630362	0.146923845272414	-0.185732058091991
"177"	32.85	0.0841431771516775	-0.194728307700249	-0.281088937190492	-0.0887569221150497	0.078604365482276	-0.0813969779223841	-0.138569682780297	-0.0230134206764773	0.0724245466299839	-0.190061345065442	-0.1808877582835	0.155545852317193	0.0730303757839827	0.0144428337039879	-0.156436664976021	-0.0465242778530391	0.0274689317212753	0.108564532695428	-0.226586880783991	0.00429146662786254	0.16268651831989	-0.185920622276763
"178"	33	0.0852085676760171	-0.199330189193019	-0.311273444033175	-0.0547279340120042	0.0611340801564385	-0.0861959036041311	-0.0777981158938894	-0.0138012714375798	0.0333733612952371	-0.175397871317515	-0.182572476608043	0.139470851664319	0.114230840533243	0.00451404260018592	-0.135982200513409	-0.038061639855982	0.0621053331401265	0.113960541983499	-0.225419582775884	0.00907963403715377	0.156092118706601	-0.144497953727298
"179"	33.15	0.0836777546059122	-0.203757918590808	-0.338781015571338	-0.070068141042318	0.0617236137417913	-0.0864718527006368	-0.0420648417455177	0.0132787434099994	0.0249800421142888	-0.204290861481733	-0.161575771297671	0.13392770811784	0.109621205235125	0.0220929771406734	-0.123192043309731	-0.0303012015543347	0.0595988479314539	0.17222163094401	-0.243840678985443	0.0109842201381506	0.165995301581827	-0.152462142618733
"180"	33.3	0.101191394970356	-0.233402820283998	-0.306538463975033	-0.0904911201216805	0.0715484966686704	-0.0960806452966845	-0.0777789326322541	0.00258834148572346	0.0163327353733802	-0.213014709532994	-0.201793409296551	0.125155780073167	0.115748410682018	0.0248520156504389	-0.111254316102344	-0.076270125003806	0.116899223050971	0.145644319679961	-0.247893005027377	0.00712394032434234	0.175348886990804	-0.156855429613593
"181"	33.45	0.0842534930979886	-0.195826060419666	-0.32347146701637	-0.0676657321271736	0.0625006609111918	-0.033291104891519	-0.0655725435108678	0.0169828410685308	0.00833071344794177	-0.200919096522702	-0.145580350101654	0.130116436532801	0.0479032221981158	-0.0134079942040712	-0.104970183073502	-0.0529459355070025	0.134257143954214	0.155180658633581	-0.279191298288282	-0.0227112493004245	0.175878422274008	-0.221968148987996
"182"	33.6	0.0587056658610612	-0.198833910384467	-0.322977850778082	-0.117653279211451	0.0737955524413743	-0.104609765094193	-0.0836539851148792	0.00958481833620584	0.0235468502521148	-0.23575844708771	-0.111368085178556	0.12430373853608	-0.0427561795306401	-0.0147857197823283	-0.0959032090834359	-0.0516578170940578	0.114727663083164	0.164514599504149	-0.274149971250016	0.0337262534605477	0.191378476258492	-0.19121294481387
"183"	33.75	0.057933986901596	-0.208365056953606	-0.350567803805949	-0.0773589303990268	0.0274054914854051	0.0400399401805484	0.0380396983510531	-0.00283399467520298	0.0132303782603038	-0.238476435750947	-0.136124295911079	0.0820034363958714	-0.0104609605681225	-0.0125051266264241	-0.0989169297277526	-0.0583397804261122	0.0939461547464575	0.229599115082951	-0.244683957082274	-0.0642362778303017	0.17751227148188	-0.186462353237811
"184"	33.9	0.0659408414705143	-0.215654731648264	-0.341019256258247	-0.0935014228478658	0.0196237660845359	0.000938285779929996	0.0847418302089578	0.0113372378638623	0.0397252254572171	-0.205289426169217	-0.207125706667473	0.126582422226491	-0.00683941698001381	0.0131688722011276	-0.0622729841632315	-0.0733826855101962	0.104399235247445	0.218588713921304	-0.234639329471584	-0.108529119417711	0.192897018301324	-0.179218734691911
"185"	34.05	0.106036217509974	-0.208596582532408	-0.3374816338944	-0.103872705795181	-0.0532997201573803	0.00528261561882641	0.0317737946925399	0.0171587997010856	-0.104852947574268	-0.224044599470294	-0.113807801814364	0.141127812554421	0.0140661587659898	0.134328922773206	-0.0316405188292819	-0.0818308112956699	0.119569735385486	0.207236589954345	-0.238782051439779	-0.085018520915194	0.269162559309246	-0.177061790315432
"186"	34.2	0.0671779113667789	-0.179595389836765	-0.330621819990787	-0.1057747792702	-0.0495997980010932	0.0126142831772765	0.035912007035833	-0.00376261799466709	-0.0892560654382459	-0.209730015461042	-0.143246829745801	0.120356554719738	0.0406606585434531	0.0435276991349113	-0.0388898504691097	-0.0763279020347188	0.155018196155133	0.165940016274567	-0.217669982354625	-0.0795362570069198	0.204504644947255	-0.157108623943148
"187"	34.35	0.0794841154943032	-0.173604803911522	-0.344732354086994	-0.0833086136983037	-0.0719257292108312	-0.00154779436697282	0.0389594660617994	0.0356820386125603	-0.103339138900299	-0.205329362882375	-0.191413463434242	0.0977335838657607	0.0295747555430434	-0.061835305383921	-0.0408590539439968	-0.0741333026285239	0.191723935794976	0.179798410473034	-0.182576254225497	-0.0994920321897347	0.277642039417801	-0.138011235765687
"188"	34.5	0.081673919308666	-0.174549872209932	-0.329246683143169	-0.0561474635244555	-0.0844387996368435	0.0480544523560938	0.0384429973828024	-0.0534783010834056	-0.0991066801029561	-0.186831220357866	-0.261815970243102	0.093125032692622	0.0287794446199726	-0.034379827660633	-0.0369287055584449	-0.0387743896225357	0.0890383181067837	0.176601257271848	-0.198526403024971	-0.0738378975839443	0.30366243694249	-0.143401849330203
"189"	34.65	0.0560713310331927	-0.184271580723823	-0.322718269384477	-0.0601307560645277	-0.0492086316800801	-0.00845975112938437	0.0387971851533359	-0.133166266079563	-0.0917077537811014	-0.192259886964695	-0.233433807711983	0.0974004270989248	0.0254804417791675	0.0700167904734009	-0.00863399198463462	-0.0915479894478615	0.244186558202757	0.187980920081536	-0.171211155459274	-0.0548902504978482	0.324893862506739	-0.139600054223486
"190"	34.8	0.0582552841243948	-0.240074269387135	-0.30714383373341	-0.075179489389562	-0.121199818171372	-0.0824589667023707	0.0418146192349133	-0.0755849040254239	-0.0506166914267232	-0.184593151359953	-0.270658183994111	0.0876081747046166	0.0386363562555628	-0.10589399529689	-0.0245269715039203	-0.0831789008204796	0.192009389432609	0.135922548018473	-0.213867644370091	-0.0721601885748141	0.299046250768041	-0.134822328331093
"191"	34.95	0.0779283419181722	-0.179358199508883	-0.300613588368175	-0.0389899649764084	-0.126247006889293	-0.028269646512491	0.036484660892503	-0.0864551443905932	-0.00949237564936353	-0.170972652731972	-0.288590109310404	0.110589282015077	0.0285645320476277	-0.0610751278646209	-0.0182795134603622	-0.108730334673314	0.185921011951253	0.112525929403011	-0.175117082598869	-0.0801419869265186	0.288485643136358	-0.179613699336642
"192"	35.1	0.0969294428964162	-0.165852842964862	-0.276919754180593	-0.0492431174076557	-0.0786514166099686	-0.0135547033629791	0.0416540482273199	-0.0865834535500551	-0.0137763253390556	-0.164290352434502	-0.278027212684023	0.113800086284361	-0.0624132359715409	-0.0354533191439419	-0.0147557077942332	-0.0755495250329138	0.201865592542107	0.11850572128509	-0.17249471642245	-0.0630613116117716	0.283323928953762	-0.217692121080029
"193"	35.25	0.0962463522999869	-0.18218874177069	-0.235964239686373	-0.0591001569264433	0.0154280349875146	0.0151810671572252	0.0118653634676169	-0.084581496936243	-0.0626776464118054	-0.196607470777274	-0.309786987220911	0.0836006108644119	-0.100929921118536	-0.0315388188448278	-0.0297481314455704	-0.0521299303086021	0.191230071844379	0.14314092299823	-0.172268944383296	-0.0451541702101539	0.267462860419902	-0.209737240360492
"194"	35.4	0.0994163456529441	-0.149940974632356	-0.193439064015675	-0.0658931627694518	-0.0239492988400508	0.0484793960809691	0.00868841072411954	-0.100159402140406	-0.0223960826868934	-0.213963588707306	-0.258276939230216	0.0695065799424196	-0.00287496419010955	-0.00910689879003955	-0.0569292575912191	-0.0612692918611057	0.19240055384425	0.0514712516248064	-0.142481953992153	-0.0633163390833376	0.276744359486473	-0.207917633536391
"195"	35.55	0.0990752488325367	-0.0884624893418388	-0.213811782159435	-0.0638793554106653	-0.00623590019060544	0.03477632303115	0.0168354182927434	-0.0774065626132654	-0.0132859372838372	-0.2133652910418	-0.259607338009532	0.0571651335645557	0.0778561651333069	0.0177050705367664	-0.0265185572851569	-0.0517564382614725	0.189017847532931	0.130005958109957	-0.144279435042117	-0.0999340575965936	0.25753443333147	-0.2046201591601
"196"	35.7	0.0974514214396999	-0.11171621759624	-0.204090313391106	-0.055034000295282	0.0249588413097352	0.0468914687833299	0.0151998411517022	-0.0889549246180312	-0.00338554476549477	-0.212429614510274	-0.254818095250727	0.0987139743573323	0.0435798252883769	0.0207143784324531	-0.0685669170793714	-0.0634835527136886	0.183959485750849	0.107419575136996	-0.144565353062641	-0.102046229585952	0.260682786441386	-0.183533590910836
"197"	35.85	0.114067489318038	-0.114446418427086	-0.175471127358618	-0.0299038192063652	-0.0418720230314787	0.0490568546987404	0.0175827252644609	-0.168672985899412	-0.0262198476349391	-0.190666549374699	-0.266178337835422	0.113110509473163	0.0863852692332618	-0.0430013888383566	-0.0391790107461085	-0.066607263850968	0.160555190009371	0.120883085524099	-0.138720046374024	-0.119738421694522	0.274834871706424	-0.169415897395816
"198"	36	0.112929964293416	-0.106244890920974	-0.159786521901307	-0.00902292756841874	-0.0446457633308073	0.0606534350966167	-0.00931847849032801	-0.166624378657575	-0.0449937434011122	-0.186357034234014	-0.275429039346533	0.0901232172651918	0.150728018521285	-0.1005631022938	-0.0542687969486556	-0.0595901735623061	0.143280019008029	0.137813006933527	-0.141550537989018	-0.13118136092234	0.266320331345669	-0.171615204007862
"199"	36.15	0.121977963118595	-0.106917518335704	-0.121181309223764	-0.0408102617248898	-0.0116375100030586	0.0982479230620118	0.0541921922987173	-0.164921601371733	-0.0187275790755245	-0.186895531020751	-0.270600961577796	0.0419045465025441	0.145986197312826	-0.0840002950722639	-0.0374252638540473	-0.0513211580542044	0.124827224919772	0.132393167576422	-0.154405215276803	-0.111677936623135	0.257464230089699	-0.17150710562134
"200"	36.3	0.137454452767107	-0.0678965027662384	-0.131097747845449	-0.0427370513658975	0.0325932874118139	0.0989651841365518	0.0548327893976801	-0.171672859228303	0.0182709957514477	-0.21887047080908	-0.258564129959283	0.0363213758678275	0.13178750493509	-0.0667174195419756	-0.0402085730099498	-0.0499663981706858	0.129570099088932	0.139422791051755	-0.10913012975231	-0.0770141949080152	0.269178362466661	-0.170382760436579
"201"	36.45	0.155570866205361	0.0225027613497873	-0.14224989615791	-0.0396759743750378	0.0285578237632381	0.107133124572866	0.0749860147346309	-0.184461916683077	0.0215118355825257	-0.240811610729164	-0.228502173341367	0.0294584193481559	0.148841666411564	-0.0519409338371363	-0.0358111207493898	-0.0481064079663368	0.120441236090109	0.122419717642614	-0.115856092047299	-0.105621116163627	0.266043576401024	-0.149493430045157
"202"	36.6	0.0769093644909731	0.0436895121773592	-0.180621576345979	-0.0429394817841622	0.0169823116828787	0.136650019766924	0.101455229174027	-0.179060793392687	0.0244174885391602	-0.331695880037616	-0.199451920141493	0.0556023112814895	0.150138549131834	-0.0838179579142575	-0.0502346088571478	-0.0376291902305203	0.147350755448953	0.123257308190169	-0.0827442179429955	-0.0607417441049733	0.276451150568721	-0.308179345419912
"203"	36.75	0.0302805987061053	-0.0103773289103506	-0.217698282454757	-0.0256057845439418	0.0844147622859882	0.0979205846263315	0.114787817500676	-0.190418710309547	0.0443778920176012	-0.18391071989369	-0.211064447851886	0.093238605696103	0.167505047564585	-0.0961583036886264	-0.0238125266100988	-0.0214876464653214	0.157736165844543	0.188720676815954	-0.0872342237831836	-0.0403749568793776	0.313695480795413	-0.399607148872878
"204"	36.9	0.0203673894574283	-0.053870940279731	-0.230105013157064	-0.0311594381442348	0.0992110272875597	0.103197373459405	0.124951578594849	-0.179517625711149	0.0310295788378386	-0.108238964908108	-0.221232984620035	0.113281926632041	0.165536607677059	-0.0963937630909055	-0.0551084044867962	-0.00331483912968015	0.147588044916364	0.149294757725085	-0.115203557467939	-0.0473014284886954	0.336170892041172	-0.352398247511251
"205"	37.05	0.0339133404363293	-0.0280493554824081	-0.235032116687284	-0.0418503106946774	0.0664565893887629	0.108530399792749	0.11796328874372	-0.15659223080879	0.0308887315809408	-0.0649972810386368	-0.200782176073132	0.132485988679426	0.172886361221677	-0.106219646929045	-0.0192584262843512	0.0323899178063914	0.145326714911868	0.116835598221284	-0.129677115833501	-0.044343312576361	0.269230484417723	-0.313510007658906
"206"	37.2	0.0362408100611758	0.0309397217192951	-0.194078274196373	-0.186140572855507	0.042250591804785	0.114256930697676	0.140461782824237	-0.171318160283251	0.0480290334256294	-0.0913344185043967	-0.205301234954777	0.0926708134285319	0.165784913986419	-0.11832484310272	0.0022289280126374	0.0124862712574428	0.111470455039526	0.149030601033047	-0.136695667282146	-0.0414342658930866	0.282136416639718	-0.291912678858743
"207"	37.35	0.0416008329602331	0.00766041370745005	-0.271043536113259	-0.221783469389337	0.0523290705259271	0.117753512003359	0.13839756418366	-0.178582809353857	0.128814061470853	-0.0712699969475894	-0.217450479474493	0.198219629488695	0.173687515976901	-0.1159480577435	0.0702937798684073	0.0205956347299973	0.134736012821726	0.148919172158441	-0.131069020802816	-0.00720676270720237	0.307843056580107	-0.277417388529793
"208"	37.5	0.0334060593208579	-0.0141832420442417	-0.220001256216369	-0.193711725634995	0.0928247272923648	0.12056752226738	0.133577802439775	-0.173085243150286	0.0663150278231703	-0.111083039533547	-0.213776837712402	0.120023797602875	0.170955562134558	-0.101751895116069	0.126521889614713	-0.00574061790265252	0.136570793727721	0.1459103981464	-0.0902977204166833	-0.0842920559551243	0.242837686685553	-0.302217545437795
"209"	37.65	0.0114077435232369	-0.0771675953472393	-0.210697508683926	-0.203714730236559	0.0969484451891712	0.121491324182541	0.104792835267914	-0.227127711491412	0.0293252960081487	-0.0602094427079792	-0.198197423443675	0.135834143811697	0.172225729974276	-0.0995574906389213	0.0732990951675659	-0.0514399706981331	0.13860586719274	0.136634944768581	-0.0356998975174625	-0.0965612645859154	0.16127780540817	-0.224669544965383
"210"	37.8	0.0255492390588765	-0.00925688351177665	-0.212806014937605	-0.202383358003907	0.076388300452965	0.121292366821044	0.123810489697315	-0.2137618806627	0.145713432157774	-0.0541743645485648	-0.21070358260321	0.141851117146938	0.165748569839474	-0.101773111104915	0.0702682264728218	-0.0749551699149506	0.126098249429157	0.130205066426578	0.0194335868811504	-0.0843222933581105	0.187366284945833	-0.240548895774326
"211"	37.95	0.0363498897775706	-0.0641181876542966	-0.20982361681401	-0.202135549377553	0.0763210469310984	0.119020716487711	0.142317163430258	-0.213066670439284	0.0826007338622693	-0.0317600869581161	-0.210914795766167	0.122333071381594	0.147494747425046	-0.0966778689830824	0.110131293677196	-0.0992608082650796	0.186336141047106	0.132507707396072	0.0311714688887264	-0.089415604607165	0.179529465417266	-0.200358985031289
"212"	38.1	0.0406693762093136	-0.0743840129517206	-0.225485380358312	-0.227491094890386	0.0604245074011157	0.111438884712943	0.173956783063696	-0.193714321363604	0.0547440052545119	-0.0189565230840953	-0.210421421981726	0.176566710616397	0.175124948008884	-0.106916873198016	0.217397297396942	-0.132376384382556	0.250889757672345	0.120208730566188	0.0475777569456678	-0.0949846472202778	0.256568872953135	-0.208531019909207
"213"	38.25	0.081067626781007	-0.0593336794407563	-0.205161111270545	-0.221176172473295	0.0230499428387535	0.181552651591153	0.146189866087957	-0.201871548334118	0.0377617494500565	-0.00459732784636784	-0.212700153005636	0.100891848255175	0.145973302754451	-0.0930615653400829	0.189703076481538	-0.0850914936542202	0.249414197772086	0.123683735689044	0.0361922624659075	-0.136645835556848	0.256179546837748	-0.190586681424886
"214"	38.4	0.0638780770644079	-0.0362575187751308	-0.224938134671686	-0.233130888345503	0.0332709106634813	0.148984176452495	0.0861940252006696	-0.20741886272387	0.0159554690250902	-0.0228112830428851	-0.197966409914703	0.0866942518790682	0.134647397122258	-0.0299893385098462	0.197704127608105	-0.116793334674736	0.243675970832045	0.151257818033044	0.0450093120839802	-0.107191389810871	0.204659708802633	-0.197482837199023
"215"	38.55	0.0577976352818935	-0.0719384147105571	-0.244989096478233	-0.239128470442037	0.0862065968322835	0.191221888466906	0.00497295797122241	-0.224078046211531	0.00183357842265311	-0.0357008966976068	-0.231753323514044	0.0635887220558666	0.153692691227161	-0.0341035154927641	0.193440733356438	-0.107569460352649	0.227805543959029	0.219939623860961	0.104539467535896	-0.0641191283537526	0.0761837144365503	-0.200728798418113
"216"	38.7	0.0624592593521168	-0.109436276436064	-0.214962349157022	-0.241848393841695	0.0625624831347097	0.221019778780983	0.00566363745359316	-0.249770370715639	-0.0586547836259699	-0.0605344113598899	-0.22265000261974	0.0424391268009117	0.127297825022564	-0.0247648529676179	0.0625806088297118	-0.152505490230633	0.220635826534593	0.212373384195411	0.0447626122837593	-0.0728177925806745	0.124817028379257	-0.223492175713745
"217"	38.85	-0.0268442585710703	-0.124010236154101	-0.183959296715938	-0.241407370185422	0.0713545807945622	0.220825320555628	0.0105028856672141	-0.277147147055973	-0.0468637770985048	-0.0907600651901794	-0.158851200783865	0.0300058897681566	0.158189608837355	-0.0156272503708947	0.0381090814386881	-0.0804021714332794	0.221885096386675	0.201309391728723	0.0302506064828479	-0.06346596637604	0.113390652231626	-0.185810634908131
"218"	39	0.0252131991788028	-0.122341102979878	-0.183790407475684	-0.249078183647082	0.0699197400584898	0.227903655379597	0.021141032387664	-0.264911719288231	-0.0493708863709602	-0.0816873548330819	-0.183851206685235	0.0236119107175156	0.140912630106342	0.00560395426161691	0.0599678731019603	-0.089403691984225	0.209555697395521	0.180191006857455	0.0808465329509082	-0.0949024918761856	0.12261302014046	-0.125720545475323
"219"	39.15	-0.067599625951716	-0.122511009434046	-0.158212902706791	-0.2195304083359	0.0616845546483026	0.211685701135419	0.0322840215625315	-0.271627265852809	-0.0327772173402329	-0.0787303045804589	-0.200771019734486	-0.0923618077437832	0.162397020433555	0.01284990684816	0.074104196331002	-0.0626608436761003	0.222659739648914	0.214907323954737	0.120592901112085	-0.0565168419935276	0.146718188165436	-0.0737170124804794
"220"	39.3	-0.0829113689844924	-0.122941696759609	-0.180951342346054	-0.264751667681327	0.0757704193612055	0.237371322801548	0.00859848048511499	-0.328847339237267	-0.134296303318307	-0.115050399819004	-0.218392900022887	-0.0545124474094909	0.102137184061985	0.00712729048816321	0.0954669562425274	-0.0561729295423115	0.231653100347454	0.216534053347766	0.08906328671359	-0.0808764335519622	0.0521138198408353	-0.0771072421949146
"221"	39.45	-0.077145933892985	-0.119774722544169	-0.0503047433609184	-0.23767824375889	0.0616733167753538	0.256359771396194	0.0156533313076189	-0.295370386010746	-0.139842959390371	-0.153667085147031	-0.233207778239048	-0.0471560991676613	0.0658233912891595	0.00669252901175615	0.0761160015717255	-0.068998559885771	0.208801188930393	0.182541434293983	0.0603968656416058	-0.0756860672249857	0.174323758233814	-0.0909895808913282
"222"	39.6	-0.0236230689434881	-0.125561691840292	-0.0275798436082613	-0.220137094936997	0.0852515248817039	0.25670636476459	0.0484866982973239	-0.316616049543482	-0.151086837428877	-0.155005755156152	-0.240051042093242	-0.0451735150258702	0.0550269506976193	0.00255712169065499	0.0531566881865881	-0.0731223350658765	0.224729844595599	0.170553860854451	0.0720562743066515	-0.0869433099675186	0.230524720821044	-0.0666954845873977
"223"	39.75	0.0336857637330253	-0.0667088945897506	-0.0352813986321499	-0.212885267355811	0.0746081014935477	0.260974619120508	0.0455170821233572	-0.284411983968555	-0.161481628603106	-0.153811817815046	-0.226767306855092	-0.0606838013236193	0.0589305678693096	-0.017113671874698	0.0180914931195577	-0.0345272532964629	0.162525646953317	0.201767337150086	0.0987482507199979	-0.0823810157624022	0.257433764561577	-0.0836888309759579
