"V1"	"V2"	"V3"	"V4"	"V5"	"V6"	"V7"	"V8"	"V9"	"V10"	"V11"	"V12"	"V13"	"V14"	"V15"	"V16"	"V17"	"V18"	"V19"	"V20"	"V21"	"V22"	"V23"
"1"	6.45	0.859560751079475	0.827787324167908	0.959277678115245	0.72310554124824	0.927653058622246	0.859470778377873	0.742052253532293	0.62830760786223	0.728930266866957	0.923849305368834	0.870532481185447	0.881666630172545	0.870589905400767	1.00172165174451	0.743553816422642	0.754053058220263	0.768064920428693	0.798285790535155	0.794836494119204	0.991528499303945	0.823951138133483	0.960673200864881
"2"	6.6	0.828299247050749	0.798319037891816	0.927336828022982	0.69428316189696	0.904941223654291	0.838826364792604	0.713658918549787	0.620446653396949	0.694975111522056	0.870878996057909	0.876219053559725	0.85508020800159	0.854575814179533	1.01101533896413	0.716557592646496	0.727336167990757	0.739770769150457	0.798200839226559	0.787656243309314	0.992512279167576	0.792007774292032	0.95883107924077
"3"	6.75	0.829656457880946	0.791443063656288	0.914963481059516	0.69666778261523	0.933366007427282	0.814466824630596	0.716069816569995	0.613651667432372	0.70237816093	0.89487433936158	0.876048173332627	0.819983101168694	0.858006519055395	1.05909827903537	0.726130879839613	0.766898058552678	0.720976990920336	0.802457027615524	0.765408518582575	0.951066493838125	0.783267841352485	0.950710024204399
"4"	6.9	0.849120694423089	0.790879384161138	0.845005744927898	0.716949321425757	0.91140025879374	0.839414159686638	0.682463797756503	0.614075808433334	0.697269923179721	0.898844045407858	0.872039997716173	0.829870106238708	0.849289400717349	1.02700295405136	0.699880972089525	0.795137292272348	0.732537482164197	0.814234747418736	0.775337791020655	0.961980902601648	0.774609303411081	0.945022201971759
"5"	7.05	0.861110489194918	0.791224955572076	0.822729309421485	0.706333239718586	0.906495639194718	0.841565049238765	0.692271962224349	0.61384824138753	0.726785164301536	0.952085482362316	0.874919283375267	0.853415157671196	0.814564356968565	1.05583999640883	0.72803477127187	0.775203384055614	0.747017014481004	0.816722773979129	0.797996227847425	0.919507248831483	0.782777103235027	0.932481942173242
"6"	7.2	0.835166267613129	0.795463405798295	0.820596367316188	0.673503751436641	0.942896267911722	0.834264993505118	0.695123411649452	0.612221451403889	0.743390457244617	1.01600908202494	0.870040186186715	0.837492302797902	0.792837026494466	1.05320526089414	0.736339582540944	0.776698965775934	0.754073510691656	0.813944122676222	0.824086999800406	0.88071514614974	0.784702978554265	0.905796378226657
"7"	7.35	0.817902549759298	0.799518051182247	0.81921457411262	0.657592446224346	0.987094155616479	0.836401350081766	0.705515964239308	0.636312972828095	0.763574477189313	1.04611251186576	0.883953314511844	0.827634835096679	0.769416247201829	1.0199429298016	0.755350515378444	0.797012121593877	0.791403481977448	0.820963239018814	0.822981691942708	0.879814243222807	0.781847025441919	0.881089220326054
"8"	7.5	0.80727419253578	0.825581257221972	0.847930943585445	0.664607897485971	0.939719762630926	0.835197750236366	0.717962252709709	0.619830199910738	0.758627870313957	1.06244280649857	1.04549256378239	0.851518258811004	0.764208312828858	1.01722417150491	0.768044544272945	0.791873952235951	0.773671724211069	0.848510977673347	0.808828398218504	0.891314954139224	0.748924633697499	0.859377630302335
"9"	7.65	0.831395236545301	0.844258211145447	0.862610219255393	0.672800526153707	0.969543518378126	0.838455386162771	0.704211745062492	0.608451513088795	0.777041559822408	1.07125387470978	1.01096893069845	0.852348880779099	0.796264642977637	1.01124699528962	0.770842733471985	0.786694565733505	0.765097442010924	0.83271841484242	0.823251971649378	0.851821860138655	0.741811056649081	0.8538193780947
"10"	7.8	0.827920558529945	0.843972616821371	0.843324899985065	0.687206920975726	1.01954970522341	0.852122252961964	0.69720267088303	0.601539035156481	0.789475408850416	1.03399365137395	0.980025219408465	0.879983642564929	0.802249314221646	0.995361495288845	0.75893654236097	0.790884898643989	0.729513219315035	0.85349614535152	0.833773035573762	0.820010026119068	0.723520755062559	0.850526857029301
"11"	7.95	0.808913793945363	0.841884805542903	0.835957897145781	0.715622541441952	1.05542648557126	0.872116321968205	0.694278598053902	0.600026987442948	0.800641442399227	1.02009900997595	1.01868415824992	0.865261190353721	0.811894508162413	0.97877791271069	0.791107487692362	0.76847429983281	0.740249119609047	0.872684897626979	0.7998278941029	0.814576313699148	0.705160067724303	0.875938996031669
"12"	8.1	0.793779865617524	0.858767368061467	0.804153304197367	0.730619225123454	1.07028153828166	0.839727622340966	0.688837515530052	0.601154901376262	0.789100372370612	1.02119136116676	1.05765244350705	0.868464100003712	0.823045488802995	0.998850020178147	0.821429944528807	0.757797055915899	0.737824080879253	0.871776246622951	0.778041284585967	0.850255753801377	0.687500478627808	0.914155542663299
"13"	8.25	0.818339104676215	0.861234215472899	0.772085803329164	0.726920170537292	1.06664979881345	0.832153855392934	0.71239108631113	0.582502672946415	0.744742368174172	1.01060856576468	1.03035352147271	0.833592576836252	0.83653773138643	1.00319541849359	0.823052771092608	0.765946620623537	0.748038709506472	0.879530720858286	0.769946922530161	0.847117063316608	0.696271047800741	0.885192126283412
"14"	8.4	0.82083678287371	0.83430288860912	0.766066552722785	0.75984248987596	1.12000981182543	0.846548721666115	0.710253519682691	0.583383505493904	0.743122492165692	1.03919721166898	0.999151324810877	0.874082588795701	0.842153854178684	0.995716043074787	0.830786295625359	0.757940215495894	0.759118202554955	0.924157548737109	0.763775809814543	0.831846101801683	0.678907182295351	0.876591934910618
"15"	8.55	0.865089035589131	0.831366217302034	0.769400092577644	0.729071299980787	1.07546067061409	0.824640781367476	0.728876927857231	0.574571342207772	0.730457091281702	1.0705318985752	1.00304542605142	0.866177676168507	0.847668248354995	1.00797250984328	0.796829508685787	0.766339251078903	0.736649123599549	0.919549005041495	0.750029101496566	0.843697372745638	0.662682982155777	0.884399589768989
"16"	8.7	0.885653346573719	0.817319249956901	0.758274426563189	0.725568825257929	1.09898399370778	0.820550335102655	0.697106354943097	0.573897719891927	0.743631904693702	1.04675402615564	0.986128863765781	0.877201108851187	0.928188398522385	0.976980537319947	0.824892991718506	0.758200180519189	0.768725332590931	0.90191311203612	0.771384030277601	0.866649484781456	0.65185246690661	0.89096759058728
"17"	8.85	0.935362314064387	0.819074111963737	0.756384242146309	0.723284200850309	1.09256974184956	0.813881570006941	0.703450567314976	0.576030527382066	0.74533330083847	1.0945406997633	0.953281889103967	0.886166171778047	0.911246230218063	1.01318778955016	0.832994478414335	0.729984769556867	0.809381545993629	0.915175108837991	0.764110242654185	0.835006282950032	0.674202682734569	0.890324690226794
"18"	9	0.886273100180321	0.816493934189617	0.791760510781853	0.737207844353032	1.09615327536659	0.832974385417176	0.700062348701438	0.592464381835397	0.745761278802697	1.1122319900566	0.957040147443848	0.909934703034096	0.926905542238092	1.0226346469815	0.905374334701114	0.71172401057214	0.7991590668318	0.919740401695828	0.76859310094872	0.843857054523625	0.677052569649058	0.908344643278264
"19"	9.15	0.923357712448777	0.754082346656299	0.791722637533911	0.734009841507107	1.06804379055372	0.854259271196552	0.729991980641043	0.578582656853761	0.737310316730043	1.11699250825036	0.93544831758356	0.88281216726185	0.945692395618457	1.01463243032416	0.916487608471755	0.700425674018993	0.794128615722216	0.910954385928495	0.75408363970681	0.842203044241249	0.700144709047898	0.827290370793678
"20"	9.3	0.898035473536923	0.752790051300799	0.762068161735395	0.739890945384749	1.01945533391109	0.849565515693842	0.708857283824003	0.577330249734988	0.680212849979795	1.08886697449529	0.958332254814699	0.895136916613193	0.947336063487243	0.99349596296347	0.953037822868124	0.69096442011846	0.791466372612472	0.920909425785536	0.774205255488915	0.833035664978833	0.676093546106836	0.818951041435949
"21"	9.45	0.878875324362718	0.711576535703606	0.769738446240278	0.73866006287134	0.99921841747879	0.842223887418622	0.731928585895536	0.575957674554212	0.643213523265462	1.13251483598079	0.969474198137618	0.893960665290595	0.93876100839266	0.985634926011076	0.939803987849263	0.681813713724008	0.787062230079917	0.95119175356185	0.756707114316258	0.860166724392531	0.681420233714974	0.809975023543391
"22"	9.6	0.865946649787614	0.70379212173007	0.783198041212081	0.738108189766663	0.998684669963936	0.853014429779688	0.735073651243033	0.584548908989939	0.642666811558544	1.08457453186581	0.94177830651347	0.890481102654005	0.907794162659096	0.998287525292184	0.921098645708035	0.704197805919504	0.800636998790499	0.950573040246712	0.736322111585103	0.830769370782184	0.696377683575371	0.816459798227679
"23"	9.75	0.924688690140171	0.737858804185209	0.773220794778141	0.734324795305388	0.995635403698218	0.852249132050968	0.748753075893968	0.573583415535107	0.673570161415345	1.04870659931978	0.934158164082363	0.892705283396512	0.906554568923179	0.988366332716817	0.906976005595508	0.715123060774251	0.804637757437512	0.970766559605149	0.701889132848738	0.846245651469504	0.718363754744604	0.806366813026953
"24"	9.9	0.892384692029532	0.697600280987058	0.753461547570325	0.764933170125243	0.952128707525915	0.87427528262881	0.725383759185219	0.566142830779104	0.672769370961129	1.00576184080061	0.961119610954242	0.902274104757564	0.928603458827217	0.987791333290407	0.917923370829996	0.731248521932437	0.803452014539853	0.955768220295689	0.677390012614107	0.811448674838276	0.718678379111533	0.812297074132233
"25"	10.05	0.872082004088224	0.692609158449711	0.726661114634185	0.754412092617868	0.949542031088338	0.853147803729882	0.701372309538736	0.582320415518837	0.646520706864378	0.971265085273616	0.993076915120666	0.941169123905676	0.941860741676028	0.968262856796112	0.966840174146111	0.729185177042091	0.832401317352234	0.936676598033985	0.68319946678122	0.802796693238354	0.679308954193602	0.843385468681485
"26"	10.2	0.890079379149809	0.699228761901915	0.724247240664407	0.738739255511123	0.97126391266899	0.861772487647207	0.729690263361433	0.583048448465546	0.671228630459226	1.00660820661188	0.966246321865088	0.906706235601281	0.919850726069651	0.952219796126417	0.934984481557083	0.724696999915014	0.802602179501337	0.930411829677878	0.653223327646355	0.799674362121555	0.674731494083722	0.861409421042527
"27"	10.35	0.929183616500243	0.709231264531237	0.731482054729993	0.772031601933606	0.967359025652199	0.863587033969644	0.745237349743266	0.579648829306989	0.675575413728628	1.01531293251891	0.958951159268838	0.906973220373776	0.899622880861098	0.932276756573167	0.931948483386341	0.700395540601354	0.806777923442849	0.891958030202311	0.657607695048417	0.773004937979857	0.684840542210814	0.869905839200443
"28"	10.5	0.928347668283071	0.708158025585103	0.711501825793553	0.751984809905174	0.961227435059873	0.840608634049879	0.749361374109325	0.557808786278675	0.662894092354798	1.00501137242823	0.951868549155832	0.908437001866592	0.892587404536838	0.939462296829649	0.917068753187265	0.688771423991803	0.7991578777653	0.898474916899974	0.664463988167889	0.774063852204176	0.683957768545369	0.854626171353432
"29"	10.65	0.96207183625194	0.70755220893022	0.665798656232852	0.756324524839443	0.945697277163447	0.832480411733951	0.742043119849324	0.555705496859246	0.651555994128394	0.989047881050529	0.97118705437153	0.899175588999457	0.882873516909875	0.943063130419713	0.933342999589257	0.685765464700648	0.823422861583633	0.90457523824577	0.696508722782819	0.812199130921587	0.699056427942668	0.850166653899238
"30"	10.8	0.948744039938056	0.708762501130731	0.665312803894472	0.743415785579419	0.933811717107319	0.827476027279148	0.752760599171335	0.562107727931174	0.64667086653689	0.954665628845505	0.97274806961807	0.900898157441008	0.866324710273079	0.94883829879331	0.916665450887866	0.674525973968828	0.824813393702834	0.894720658585717	0.692342731252986	0.797268298717514	0.694585199945582	0.847558029122613
"31"	10.95	0.961455922235327	0.738732437898376	0.683323469017162	0.745148694080474	0.938005605643099	0.8127036730383	0.793437393717005	0.568781437855552	0.639076757290152	0.947811979350457	0.99183089191595	0.875765482075595	0.889352652860259	0.944997991327994	0.915609059183356	0.659266650114097	0.832088488706762	0.920108616345533	0.699213308145522	0.798057057436543	0.677132300690183	0.870115969050138
"32"	11.1	1.01255859732758	0.716872910277127	0.70099490747976	0.751841435482786	0.934499851041706	0.803242588202	0.789144691587775	0.575900190975564	0.644165498449389	0.959711162680106	0.960110352010229	0.881691138014017	0.9228539134619	0.944957972623818	0.924141158551691	0.67850446999431	0.812359670281328	0.910520203528394	0.68144597673	0.779944587153103	0.658146021129213	0.912170214534469
"33"	11.25	1.0462190068029	0.711224814645059	0.6966795265009	0.737791938241779	0.893539218803247	0.808284766722496	0.822713952136096	0.581823270620271	0.640914444337744	0.938607127644805	0.927865334022308	0.904906996584491	0.959495490783485	0.946075675216451	0.934372625646912	0.656697818128036	0.852457770167602	0.907137482561894	0.678250509366712	0.776435152656126	0.65412012558675	0.911108893395667
"34"	11.4	1.02856425869187	0.723119940872281	0.706741943096636	0.735415340948421	0.861800663781284	0.819406240939954	0.866770197331021	0.594609921546529	0.663898735574226	0.934945480284479	0.919744937156666	0.893158608893031	0.952082941204622	0.958073234258196	0.939581905038848	0.652337227986019	0.814878627446472	0.884951838756161	0.672031102613917	0.752967479315984	0.641514817434138	0.883154292595868
"35"	11.55	0.993307978477409	0.726749247822515	0.710353186327785	0.743241475361096	0.877585688113412	0.801981075526524	0.832561152952634	0.595785708232282	0.662579420224669	0.942929803436427	0.915972271244226	0.883795698689183	0.960539960967292	0.952831925591824	0.933442507030009	0.655034572314082	0.782633719611791	0.895914181335043	0.656605552949745	0.778619079082287	0.641430483916714	0.924067863412463
"36"	11.7	0.989536052743434	0.716700727656042	0.700534065123005	0.765615718128408	0.857813945014636	0.78031726733502	0.806804869280822	0.594255243550549	0.658254206754668	0.941480579052613	0.943428069829268	0.861241551923562	0.988995573505205	0.967922651452241	0.909347733824754	0.654560491106939	0.820178981651354	0.88909306447833	0.670736621888251	0.796747044380142	0.629031694816286	0.946726048571981
"37"	11.85	1.01325298990808	0.72938861524284	0.702654485862222	0.765652522350628	0.850423223364704	0.7693709050842	0.764730592005409	0.588838620471193	0.653860524041469	0.955219653569449	0.926671681475122	0.868773397769692	1.03172058117419	0.976453405598026	0.915439692485627	0.693375197980542	0.854588020328845	0.86286967506103	0.699939926322683	0.776700598374628	0.617952505329305	0.945379363460444
"38"	12	1.00747145584813	0.749975339363139	0.702379604087644	0.751010682124362	0.830281843757168	0.757337463915897	0.748356846836293	0.568394229502324	0.629818214664197	0.918405498220166	0.926603693773927	0.874262031701002	1.02358254652808	0.981070650650104	0.874888304398495	0.712719121850358	0.828217756810328	0.890149730515333	0.666899929955569	0.75506202736357	0.609698265248886	0.93762325161373
"39"	12.15	0.971826312996295	0.750208012799115	0.720680633741174	0.73414636255714	0.822337544145781	0.758165947556554	0.760256959457236	0.580193170946567	0.602477011482665	0.913730118008066	0.909601283331226	0.847500425104484	1.03579749833863	0.969520629717762	0.91185704160619	0.719740098728132	0.865567979100838	0.86325489433861	0.640853506425113	0.744213584899919	0.599668196370312	0.902406327553735
"40"	12.3	1.00665895957514	0.781972882624194	0.707483413965566	0.717333586279719	0.841139593095679	0.741206806947515	0.774710970835987	0.588548955069522	0.592959219984519	0.922281499717894	0.916083159103503	0.854878246442709	1.04946960540731	0.964882919295518	0.888232465989428	0.698533229507359	0.846928632453037	0.863118297418352	0.639734089118695	0.736457829690248	0.617819205097446	0.934372607696857
"41"	12.45	0.970980321830819	0.793296570166158	0.683906140879028	0.713849627608933	0.830084969058447	0.772498799224582	0.774742043257483	0.610886297428551	0.577460824431576	0.946837198371185	0.902469852011377	0.848856357821553	1.05000265295775	0.987054608913077	0.914360019211818	0.726784960187023	0.835225631666025	0.863943851542257	0.662764032836196	0.727543223135468	0.602936971027864	0.948843012687819
"42"	12.6	0.977195484911695	0.793410241048339	0.718659117037242	0.694329001437139	0.825575614039111	0.803090947922172	0.805425584939927	0.595253061631261	0.570579848618253	0.907619606529106	0.889868611535673	0.867728221451258	1.03742418161918	0.958372759643048	0.87677078608225	0.739279824981714	0.840008878597161	0.857649850741553	0.684544353467943	0.73298087178683	0.582913001022778	0.911327238825646
"43"	12.75	0.965166822631551	0.7991031749056	0.720746245849938	0.686043924483835	0.789690324663564	0.788569379486644	0.772564045364405	0.609220426635199	0.56223138434552	0.947384387270337	0.912937698032604	0.860766134325996	1.05713180444136	0.933293948758278	0.903593046924408	0.723040504982543	0.841126504983186	0.855583887899873	0.673129169054113	0.763284385950486	0.59087928255176	0.896199045782146
"44"	12.9	0.959741381612122	0.808605282409736	0.7321081279714	0.679057250514273	0.807936347510061	0.77189062257726	0.78241069584586	0.61049538380072	0.549575491440412	0.952432963314667	0.910587536960944	0.864984623327339	1.0182354342476	0.975284455085407	0.893475643712948	0.730498967848184	0.833506551372329	0.847646316230497	0.664596259694294	0.746738663368362	0.589249377783052	0.909189372260025
"45"	13.05	0.977670783024867	0.801007830995953	0.726858001823816	0.670326653283585	0.792390206914004	0.767206116085056	0.819012640460445	0.630569670679	0.578467053275252	0.934596849156296	0.947522450917619	0.875935426158381	1.03040004726478	0.922242867755238	0.931189040817517	0.75486420481826	0.830945660916125	0.858660529637977	0.674771202871665	0.731044618708068	0.59733906288286	0.891225170579524
"46"	13.2	0.958885285913123	0.823354534936222	0.719465202794303	0.664940834989787	0.784983354147037	0.765113448583029	0.812779938975062	0.62315184519032	0.615900427133021	0.945310243748824	0.910978593076547	0.870143834708986	1.03163656363535	0.881019779550904	0.92545454827101	0.752531554065507	0.823018523386817	0.848503411831776	0.654552404372272	0.719244085435442	0.604273464371519	0.857200919339256
"47"	13.35	0.952148046693606	0.8276622778891	0.714461237827111	0.694792312165346	0.768792191770147	0.757639822544853	0.812413510172701	0.63366649700192	0.612595618678325	0.919202024038493	0.900379263680812	0.869719431664563	1.0282541749061	0.845467474833644	0.895107402310818	0.729066688935287	0.820330123539673	0.836374271229625	0.641640880078936	0.734072410923603	0.605040654845177	0.856328355420072
"48"	13.5	0.921683924932891	0.832751732943663	0.764660707096058	0.711367111984025	0.765991677390849	0.740050308150913	0.847948446435428	0.634371816792782	0.600939710493398	0.928167866152801	0.888737529290925	0.8623050143925	1.03057796446891	0.844430331631277	0.893888006681582	0.712634219934195	0.819043933595375	0.829068586604265	0.646940351973284	0.712126039031642	0.617277617086906	0.872702072857484
"49"	13.65	0.907823635587703	0.816082423981181	0.775488375016568	0.70614297657614	0.798338709610726	0.749766145470012	0.871136406841458	0.644043895480703	0.609416614913834	0.888874838572354	0.897005342945017	0.820561572885177	1.03139171736298	0.817890778134214	0.870132353747009	0.722763166393815	0.816214654484511	0.832222541108738	0.645654292675282	0.725210014713319	0.619939019602455	0.90029434337195
"50"	13.8	0.900139318294346	0.817631659221669	0.750998486586784	0.73819587434292	0.802086201314549	0.742462521862196	0.847501680684865	0.640519202048723	0.631848160154536	0.856213929524621	0.906539942295583	0.810577244585478	1.03405090338464	0.823766708128121	0.852835346660601	0.727928775295981	0.824973830334892	0.829492872995447	0.639995056440505	0.723454271929835	0.599172109373676	0.910591826226163
"51"	13.95	0.882587456536858	0.798000784224442	0.744566277229846	0.744098494304066	0.770049907623701	0.732027604839411	0.827124904703515	0.603099206524872	0.618620129405626	0.830614938426206	0.892043000076777	0.831794885540372	1.04052753187154	0.831349728399225	0.83302105976676	0.711853642378615	0.796963652213454	0.82686538291032	0.655032304819606	0.724204921915899	0.614676242066192	0.910199901312772
"52"	14.1	0.878033975343658	0.772540848752451	0.714636279550413	0.722245467160467	0.778844748512296	0.750445808766688	0.81371725092688	0.600214657866798	0.621475665995939	0.809095367284449	0.829500025290188	0.84378909305119	1.04146106118123	0.827690484473099	0.847154425086141	0.719162288461922	0.792356641039622	0.822615614866301	0.678097929805541	0.727062389110888	0.628832094805608	0.915575228726646
"53"	14.25	0.878539179102129	0.776037284860198	0.732829763679711	0.717149859120793	0.787088454474328	0.760322407224682	0.85166514824831	0.645887937978817	0.59819371681025	0.845492433656406	0.824610315237837	0.838813734373855	1.04170469691429	0.813052058284747	0.843190535524107	0.719710827479562	0.795910261953517	0.849123976344796	0.684713691503879	0.753586438820388	0.610395613318606	0.892511752027319
"54"	14.4	0.881211416584833	0.788762286480438	0.752411038378308	0.701444470414028	0.792442124929353	0.754102048835321	0.874875379899726	0.664932081417294	0.595998974315458	0.806728463439799	0.821983602336341	0.858388158864609	1.0269915884305	0.823829305876573	0.846494853591419	0.725056627395515	0.802686969749986	0.837401493507683	0.675784919148844	0.765628925401212	0.639625645552214	0.858967900529853
"55"	14.55	0.878698342250298	0.756102366101941	0.786474136691574	0.670518196216178	0.770862116934988	0.738059083134898	0.841007553441289	0.663860099384206	0.585234680962862	0.791205443010812	0.78569875891168	0.881070258836213	0.985644800521126	0.83701789432016	0.825068731825583	0.760508304853583	0.83046466388555	0.845456511791135	0.674985349843737	0.786186046930595	0.642803785423371	0.842225353575206
"56"	14.7	0.903852110763164	0.734826200782782	0.816960362775588	0.641504787282179	0.7501199176278	0.736580736093023	0.813552626179586	0.651051961163153	0.611162511828321	0.765010409693444	0.747944826390544	0.885547945370407	0.984136367789308	0.815532444770456	0.824744247696034	0.747806894066869	0.830518941264117	0.846464899010003	0.674677147503459	0.751896808620261	0.674020714671881	0.82367964609449
"57"	14.85	0.905174451610125	0.760947019009444	0.819080017441326	0.664066289253216	0.764854106629699	0.732320316865458	0.788401660967207	0.650114046937723	0.607416455416332	0.774052955038333	0.761207752405157	0.916588675478709	0.966229392290246	0.824816745078159	0.829006670203135	0.726927344308441	0.816221971064447	0.837660269602125	0.675106929623087	0.758127698478435	0.675112284019137	0.825936838044344
"58"	15	0.900492860593769	0.771781833670127	0.844393855918165	0.655641066874465	0.752443095966568	0.720084635141294	0.789667201603616	0.67270588639064	0.613357233049589	0.757918019209105	0.763935527253624	0.890287594510448	0.964908653791119	0.834376801491541	0.8447191820196	0.758557424661756	0.825974175975712	0.822488125471136	0.658819059180936	0.76085251602656	0.685815984684213	0.837838109120796
"59"	15.15	0.898111503528324	0.784243542182062	0.839604477244692	0.690515108097654	0.746521034131407	0.713461362058411	0.770094055958058	0.687319848343509	0.609033270980233	0.74099609405257	0.76585638987898	0.867254543512986	0.952264406146231	0.819613080389737	0.860182155978547	0.769172251715771	0.820074654368646	0.825552628877376	0.662566540646561	0.725299717179116	0.713214706747114	0.849066192578046
"60"	15.3	0.878342327872169	0.818402815530407	0.836814583530925	0.712588789624466	0.721549253874408	0.721389040816686	0.769617557321526	0.690113703302269	0.600283879072698	0.763183365808552	0.789494025812615	0.857519264815541	0.869258406080517	0.837889203819218	0.860395579889994	0.780971840802371	0.809046489787851	0.828500660001327	0.648321044574957	0.730324801048727	0.690232358601971	0.863909032410263
"61"	15.45	0.868314242807217	0.820085520608455	0.851506383831331	0.744198133272466	0.738252327240404	0.729154302470164	0.76573318838164	0.697269202111093	0.590176077909055	0.725432403967658	0.79270995824588	0.835185837528132	0.8790906569512	0.807258036108199	0.849158643408004	0.80632737944777	0.77835071875623	0.794318100768668	0.64525279745985	0.734455267694153	0.686174819584244	0.846721769198957
"62"	15.6	0.880438055259276	0.849353489526934	0.809065571232834	0.730588397040995	0.739507931528384	0.74312884777034	0.76225175743225	0.69818991267631	0.593009733451706	0.712010427247291	0.799505463232966	0.819768498722557	0.870935827868364	0.815800494189501	0.832717762848725	0.808016865703032	0.779387123324951	0.793600600980118	0.664439213486121	0.707680776587809	0.694100618863666	0.864242821751786
"63"	15.75	0.886342222414758	0.859474892877461	0.805312109449994	0.739872455806055	0.739098537507357	0.729643815552878	0.737074964508299	0.707791487261039	0.588175993429411	0.730598805449208	0.803042007359608	0.815563392683856	0.839798045284205	0.823598869718721	0.808954637008659	0.824448005782933	0.77969723659269	0.782524274493086	0.672728180215982	0.729938076608645	0.675923297685175	0.87509998954088
"64"	15.9	0.920161374228111	0.89633286107936	0.841915375670038	0.751645634931405	0.743046877750408	0.714297069881671	0.719433797064559	0.709034614391509	0.587279572769314	0.747523714861008	0.782105423526752	0.831677157258921	0.808245820292157	0.839489054221538	0.805854666670265	0.822635631116054	0.804043200744147	0.770123083800618	0.658468715691678	0.749549699672426	0.705679364751226	0.899908210758602
"65"	16.05	0.924296826522787	0.908102680820499	0.855464328311801	0.753459362196652	0.736644203698955	0.708099456900399	0.695136557502398	0.712823625799734	0.595564791852188	0.747388665990546	0.808812755582661	0.826071551010358	0.816540097572857	0.85308021698419	0.820032741570718	0.843087117141405	0.823797518690857	0.745150939798352	0.690403727709525	0.716217245113029	0.705995863682164	0.906715366360893
"66"	16.2	0.944482294237931	0.875031716694092	0.842235698827467	0.76062172231199	0.725193017878142	0.728936195101227	0.725284355719787	0.66546310436863	0.59007291879575	0.733060272912656	0.850161762274616	0.788958155481215	0.826625780113964	0.849621953587764	0.825032149165385	0.840834888001059	0.806024831222566	0.764694416904839	0.695821838873053	0.732383486982787	0.722113339655349	0.900895423332567
"67"	16.35	0.923005353446354	0.829335587807135	0.879751622291291	0.792999314324289	0.706770317366888	0.722510471020865	0.712583312551995	0.66239835464821	0.564921018195162	0.733115883462872	0.856459622516797	0.794333049361571	0.810994012726617	0.891519808512769	0.821446700048344	0.815211136950199	0.834320718547158	0.778798203456224	0.707109830097525	0.729790498636447	0.738242722502209	0.872887595401908
"68"	16.5	0.930038657188112	0.845481281594127	0.900286365513617	0.765912185215791	0.709682210658434	0.717834720705118	0.712922231641151	0.666457165234746	0.556554482491448	0.735127612504592	0.834831582097193	0.783846166844694	0.793621672362091	0.876737752737765	0.800188038949719	0.800191564037924	0.831357301067399	0.785505338134801	0.73909020874596	0.741275584716129	0.736779400474301	0.832083245694013
"69"	16.65	0.95435606396607	0.850569807498684	0.898925684920142	0.784188035132977	0.733556228691832	0.738580547251288	0.737930731088786	0.64862683262643	0.545063172857603	0.727425769407568	0.804419739957504	0.771909777922089	0.794572671778249	0.915639388541043	0.787415333980463	0.80629940402709	0.831596312648677	0.808144443414073	0.752368581175756	0.747193568036474	0.801395911337627	0.83578066463459
"70"	16.8	0.923450119540096	0.840376261261341	0.919592012392964	0.796429645372527	0.72332811674382	0.714776120778087	0.744925015223843	0.676509779741221	0.55736643512184	0.697842101152838	0.802275217386066	0.775297180804875	0.806627457873781	0.910493577849198	0.778828133421388	0.815275342626839	0.852156489252802	0.806128339879821	0.785195203606796	0.735620135988612	0.804525123399457	0.830800324828453
"71"	16.95	0.890995531680534	0.826576326042256	0.929933234045839	0.761754673318267	0.698515162971076	0.719418813278532	0.7272980213499	0.663988345901023	0.553345596936368	0.683362921819306	0.892943080297247	0.798316664046199	0.809890041400228	0.929120930947297	0.780478257346569	0.834540039245785	0.84269227615192	0.826832520954701	0.770807761780737	0.73904602027431	0.81221651166541	0.862180905671762
"72"	17.1	0.908984038372551	0.851034337696706	0.923940262507398	0.752700068026934	0.714753090416884	0.73438560641057	0.751436907570005	0.684339389458828	0.553913746778115	0.689927408268364	0.886582426506599	0.786321619234639	0.834678790859419	0.909796632399623	0.769349682410981	0.84425501587479	0.861131927422045	0.818419359062487	0.765131613863046	0.754742502490356	0.839237575482274	0.857733485590372
"73"	17.25	0.863545100421127	0.852828229697504	0.923117143545804	0.769369174275805	0.716946831653757	0.718001538995257	0.753542858481538	0.688508370043246	0.573598660927957	0.702273112072687	0.863588820278516	0.787613672392892	0.84697934782466	0.903839473664519	0.753651455798101	0.870917799755661	0.847936916428485	0.840165760170686	0.738569079166484	0.708832721824226	0.814695849641647	0.884683307460076
"74"	17.4	0.874379902176426	0.854786539070242	0.908073430911889	0.786616315321871	0.73416243917398	0.717469978803254	0.756447488965349	0.699642427675682	0.577701638758651	0.7067555135182	0.859018698603748	0.793560756494176	0.856687594105789	0.914437901483555	0.748124855034792	0.864035289940695	0.851822950795627	0.831741483212011	0.735513604564184	0.742047213326547	0.810606909231803	0.912489242351173
"75"	17.55	0.861860349307562	0.801400670082219	0.913785298016327	0.793809583377979	0.730121655264617	0.711091395105753	0.731640384901041	0.718087490702854	0.574930425483504	0.705574399064093	0.846910113377261	0.781577737197601	0.848061753187402	0.912689720376113	0.7879246225384	0.858285648086123	0.851996965335059	0.794158780915361	0.735358769388438	0.740061722591899	0.80832968327739	0.893327963837937
"76"	17.7	0.815301926625432	0.808670798134591	0.917618477207904	0.810378589199041	0.734381097444887	0.737276232838202	0.743549116730645	0.722923760513877	0.567334108409367	0.688206282207946	0.842227973032411	0.763101386349714	0.822063869754334	0.89709082410577	0.765181317233505	0.817657930624289	0.857740520475476	0.816803271071164	0.753484421930659	0.734700262205547	0.809231589802748	0.874623830412559
"77"	17.85	0.81559768672192	0.773543949645609	0.908693326381796	0.834802295498813	0.741290434550383	0.756054278977789	0.717481032601887	0.725077400870954	0.589741926745037	0.68166567348566	0.88425217387621	0.734215974977013	0.792916584513654	0.891371394968096	0.768722128631458	0.827020599707562	0.814430986794463	0.858517347668761	0.752964911327103	0.73548343532379	0.804317582883926	0.887694165296493
"78"	18	0.811540753904259	0.750548169435141	0.878695921728817	0.811548224920924	0.749458708554289	0.741224332516506	0.726138264160554	0.746416070434007	0.572563075958494	0.69755367434355	0.884031468547452	0.740438257855324	0.788943043366167	0.887166541189603	0.756775383824377	0.841651328503638	0.841332003447593	0.880457743821734	0.76543589635283	0.74050951694216	0.782443978803707	0.919866117824408
"79"	18.15	0.823517991728197	0.764157288794403	0.869623382679744	0.828321544967112	0.738263694743831	0.744979251499403	0.723583522900883	0.767257141747644	0.570461940979413	0.679003769284897	0.878616314722502	0.747450390362231	0.818522878702116	0.882618125999458	0.799271488020133	0.877203169688843	0.841816864780918	0.880145232788355	0.789706202304893	0.713383305708767	0.779229877351052	0.882317133689634
"80"	18.3	0.842506741846369	0.762060634063964	0.866469814548204	0.810773865380982	0.734766568893759	0.776313066996122	0.72387040833598	0.805561803991475	0.568979844604651	0.706125979322208	0.862475192182907	0.757984350461158	0.820018562698635	0.855998958347482	0.792478220087956	0.881129949197284	0.802269357798183	0.887321880186898	0.782554606338518	0.707427003589851	0.780915779901823	0.908090042806809
"81"	18.45	0.780776554163308	0.771199212650367	0.860196425545953	0.808534452311316	0.751849399369454	0.784593851699059	0.724636893029519	0.775527589257696	0.601591152342311	0.685732485878009	0.838703524833866	0.765731107589087	0.810322111046561	0.848216493573538	0.778404484881854	0.840045620357234	0.766959501310659	0.924683477103233	0.760208361185295	0.721903458084102	0.785903122493523	0.937483845292037
"82"	18.6	0.790711624448221	0.734631235841695	0.878630876286555	0.804603813090174	0.740414117218707	0.758715939726806	0.712624168423684	0.772476295839451	0.608062485964028	0.695439145231602	0.833099556601361	0.779049085165949	0.812153624397887	0.846103585533093	0.778142513953408	0.822907323021458	0.79207855467671	0.902868451068408	0.777311926945128	0.725818551948659	0.818469601402622	0.934916512197288
"83"	18.75	0.79641355866941	0.74346511491351	0.923036801171746	0.802595570529561	0.777752528122974	0.794075765568092	0.725850160877812	0.766553604330419	0.610914132583188	0.716094364918899	0.850409963072245	0.800823877493857	0.787998630795154	0.852747353956866	0.741397754784723	0.829016047910955	0.747273768096331	0.900926414441068	0.809768433372219	0.721676674958972	0.813987745930474	0.936118113860933
"84"	18.9	0.748958807201202	0.727503424312275	0.95959874221996	0.789064812193132	0.747390312667528	0.818363138737873	0.732925122495775	0.773609413026888	0.615686363807545	0.71097425514722	0.823953020169452	0.781426643441368	0.756333314561714	0.839484691086709	0.757498457767222	0.851952308226068	0.752623947337165	0.916158440883003	0.815540134875117	0.712721801772232	0.786308521495363	0.889364397617565
"85"	19.05	0.758324200229092	0.710958960792612	0.943842909635312	0.787893877028265	0.782249921599412	0.806417555226392	0.726909815563768	0.768510446590026	0.616454836021459	0.727103244202716	0.818100526806121	0.781378898790996	0.746584666710978	0.837574280905953	0.762675243062433	0.818442713462958	0.712556720788996	0.871583721100073	0.804834923815996	0.714655698208834	0.815342177609738	0.896556462142275
"86"	19.2	0.777121677121185	0.691538242143176	0.906273461072163	0.794163010051516	0.785621248984282	0.795222581926578	0.717918319643979	0.746863600125419	0.615242544514287	0.738138053494229	0.820429025494904	0.782514407222301	0.765790223523844	0.851419556941994	0.761058897535426	0.837045809376347	0.741762864749492	0.860635419618342	0.781568761045718	0.708890566623299	0.83741115111582	0.913629161796282
"87"	19.35	0.790833252592613	0.688670259155243	0.882824757775343	0.795159410459887	0.792217545272697	0.797782079006043	0.718765962460672	0.738881300562931	0.619100991321092	0.718449313911735	0.797765463253822	0.812633286683761	0.769313222515305	0.848220369603767	0.737182145270317	0.862117741038344	0.726616536992852	0.850925616175609	0.785940666094822	0.677050784340507	0.844102938663484	0.894689677710484
"88"	19.5	0.798373196440762	0.68140037806019	0.881837677190712	0.801300630945613	0.775777799578789	0.799872580316008	0.738713410627928	0.757396609530225	0.636918693144407	0.718052864898045	0.799190839537592	0.843045278988512	0.783061501198299	0.842172179822942	0.737929209771976	0.887763417223471	0.788385810722393	0.880765496125985	0.794245745736758	0.682993211455341	0.872797615645359	0.916739465950811
"89"	19.65	0.747552661477325	0.70087277051927	0.885798943637782	0.839091562769427	0.776544462914389	0.796479035699527	0.742473973901226	0.739274220756716	0.633400838517705	0.746698484305215	0.764727332163494	0.851267839366042	0.770494384165705	0.824378865784873	0.70026522378344	0.889380931509693	0.761002033619793	0.912300469829435	0.786413578249153	0.705560614130645	0.844869535596904	0.908868204025244
"90"	19.8	0.792102211725312	0.681493415734445	0.896502195171528	0.840305234583893	0.768910026593852	0.793989011793041	0.772325826293985	0.725411030552446	0.611215140941067	0.770446105803069	0.796945495771444	0.860356274693686	0.787161302630815	0.826105539316313	0.70309746214706	0.895327193012461	0.76097835794569	0.878481105742885	0.790095413215464	0.707635380205548	0.84451631587046	0.918218718621648
"91"	19.95	0.794668232026293	0.675896440779121	0.931896676463947	0.83678256990726	0.809206295934454	0.813726917909873	0.792263356273942	0.727176364945322	0.603052654077173	0.796880949659148	0.798964908351549	0.858726535997185	0.789292312864111	0.849559771522826	0.690676927699175	0.891438710123693	0.762265459311203	0.891507682033627	0.794376201652646	0.695460047233035	0.848439302339709	0.953299849930462
"92"	20.1	0.821394926625751	0.675657432218542	0.958871756591889	0.805208243895048	0.824785622323827	0.814677512056613	0.763033169532328	0.728747784136062	0.625061821861514	0.811287648646219	0.817151750143406	0.836191769864492	0.794706274522456	0.842359403346081	0.692638187779708	0.886011500546076	0.769604520809123	0.882747864095434	0.794112043548568	0.709561453272701	0.882140113840421	0.927360746513403
"93"	20.25	0.828883991726046	0.656226224043356	0.942973653630863	0.842433220768376	0.801539439254428	0.835914052932542	0.76289317005947	0.724563812396806	0.601606374169569	0.816261467829913	0.807893345685517	0.838626023998099	0.807673308805482	0.856364352536225	0.692099162780871	0.869473026901364	0.754516908632308	0.908723598305803	0.784667381706309	0.711072232559081	0.882454685448968	0.903965184210293
"94"	20.4	0.835176371666273	0.673274369459776	0.962751284577941	0.802127362265135	0.766966999459257	0.843707689234894	0.76732502261507	0.739527586616239	0.602657532257818	0.821445304222351	0.806357757923375	0.847012274202616	0.850323761013707	0.877291647327641	0.698224310122459	0.862900651765275	0.756475995172997	0.901051305886078	0.764860582278531	0.723219681839417	0.914369481517802	0.92648610212971
"95"	20.55	0.862086038308936	0.66874268949779	1.00274909698944	0.790241645413747	0.762041320312408	0.847584974928109	0.799978966033616	0.755721344290855	0.62689652308852	0.828199136019654	0.801797900325646	0.832742365399498	0.863878072167069	0.866158393121516	0.723792416095305	0.860271316397609	0.792570651497987	0.926116822379346	0.762904341871809	0.736032810946765	0.895901109918622	0.947531100399363
"96"	20.7	0.876104536360826	0.714661565132912	1.0156768370989	0.779949844922031	0.749782143509496	0.824285226319683	0.791115517570548	0.779897886954488	0.608583006410524	0.81567640403763	0.794358726749246	0.813047597564421	0.906500817166874	0.873720407108739	0.692718780611236	0.85490409172455	0.791496975039516	0.875519053491819	0.72504994192736	0.72456541756015	0.899417921130686	0.96739161246021
"97"	20.85	0.870127512890873	0.723550168161788	0.980672998582772	0.777257621077221	0.7197606919357	0.792595341009424	0.77018473612688	0.746957785027238	0.642991493295947	0.790499717132907	0.820588603903646	0.809498172038752	0.862628588639576	0.876094286685373	0.687727110873587	0.883769060874629	0.802007457420941	0.829804365553372	0.698898497571349	0.731000158560244	0.913574037432439	0.99193612071486
"98"	21	0.885018830532063	0.697990455233065	0.986112854934758	0.805631854736303	0.681095272251466	0.814006350821057	0.746241168016796	0.735697888017193	0.666448590388539	0.807094243627129	0.820179607324484	0.775848795282211	0.854136894532892	0.894259443050985	0.714510815982494	0.855924961103158	0.796448198354215	0.845982614104707	0.708155469798772	0.73044538771511	0.886327532734675	0.986067832362674
"99"	21.15	0.922323501595943	0.679797343822522	1.00039385965472	0.830996973185879	0.715305567841848	0.80853425357664	0.76499799108482	0.760308638772081	0.666482478912201	0.797395539720748	0.847275618260503	0.761467324212165	0.887591995420532	0.878619537469849	0.724791636790307	0.816004994954126	0.757705816740363	0.814931024505561	0.703253078686864	0.718747074517747	0.875460099636358	0.961010881411388
"100"	21.3	0.885763081805718	0.688150226493803	0.962530870138892	0.859369205410535	0.720854689245722	0.84345104148858	0.784998459404899	0.767333981971448	0.645351403399175	0.825709459562287	0.879716382459089	0.760524144771944	0.892917596797987	0.886638624135778	0.700084096799433	0.831157485261573	0.753833143461018	0.866322792938049	0.702840881467579	0.715013392937395	0.868247321735924	0.94442161990681
"101"	21.45	0.859070404811642	0.688901179860405	0.970178486909388	0.834039086932338	0.722978702191322	0.853864167768375	0.783232926178292	0.770095174393805	0.645364579540048	0.832785991907073	0.86705434472549	0.75868889212275	0.886980518499649	0.8714057208267	0.723692525561737	0.835279563538322	0.773115875295056	0.845009505902463	0.713414559536708	0.733526079099216	0.867191965150063	0.939002627242267
"102"	21.6	0.868432453538042	0.664359842413804	0.984989939798464	0.814500032488139	0.73335161824399	0.864150513133487	0.788830523950179	0.755861852305372	0.638702320586967	0.815975968134465	0.866887752940288	0.751807951563859	0.867996210273774	0.838501283437542	0.726764926610097	0.795388267886674	0.803154518040014	0.834223746622087	0.715585999690367	0.731948253755616	0.886529501548792	0.965879042947837
"103"	21.75	0.834010472211468	0.671449051675241	0.980732559392212	0.810554399930892	0.723621475068181	0.863941550763518	0.823300277877364	0.72452787474529	0.658062511267309	0.801300846163043	0.876831020904251	0.797776552833463	0.854929325374338	0.840729245734279	0.719051335802915	0.754392557525721	0.836342979075165	0.826231298220916	0.718088131945476	0.764607191018872	0.881565738936599	0.943943597914515
"104"	21.9	0.856274804735075	0.644843027931177	1.0231774085987	0.819772438394946	0.753704730884185	0.838962954861137	0.83862859777927	0.688584293348878	0.667496597924653	0.806975718777288	0.852433623065308	0.802957147760375	0.850618621415185	0.832784410196969	0.695153823817735	0.788704967695673	0.85932282060027	0.797525243235275	0.73914335307681	0.759007558259327	0.899659265661136	0.926937623125881
"105"	22.05	0.831899496185653	0.664851278265026	1.01846692082331	0.790420782855601	0.772510703439977	0.802137088178214	0.840497387605873	0.696556821242837	0.669200565489613	0.804445913422767	0.831729885528798	0.839067500742535	0.839920473836815	0.861473701545811	0.688091169613541	0.748991867559664	0.848476585876366	0.799123381914915	0.742612093564743	0.793025820072584	0.880445980711006	0.901285669239717
"106"	22.2	0.842126928266528	0.660073030404556	1.02591183248668	0.798778277923813	0.778733312175684	0.785334849814618	0.845771793108027	0.683154841014873	0.658166102496586	0.822691788386033	0.817605916663428	0.863731132628713	0.823284732560497	0.827050209422078	0.663653957747495	0.751432454019565	0.862987921315658	0.809864781970537	0.723031323738787	0.786757100848823	0.910447162469754	0.866767890703414
"107"	22.35	0.858347179749521	0.67468363163679	1.02124046988297	0.831982423470285	0.770835751630053	0.793652876721873	0.85584769535724	0.68413878207586	0.68716604349445	0.823576490578376	0.805532101304263	0.878247087908339	0.824161204774855	0.853729617069522	0.648334014291452	0.713875092287018	0.852035800521686	0.838508785138746	0.721796366149463	0.790475816080163	0.908673953246817	0.867893764720757
"108"	22.5	0.825985563531132	0.652609051860003	0.998280141550852	0.83069599472987	0.795872644419912	0.789900877429415	0.881653514181561	0.69100978997572	0.707683214719027	0.812445131163099	0.798831544306216	0.848579052131644	0.838853087711524	0.858224713465719	0.631330758723658	0.712464252577977	0.820259295647553	0.830163680823233	0.747607491949734	0.763391925343636	0.905694563197167	0.835845357905714
"109"	22.65	0.837320699326156	0.645432058041821	0.957870561681012	0.842771217206346	0.793614010819227	0.826236270796342	0.888600591511051	0.718218829680033	0.738970062305019	0.799281754083322	0.772292244198906	0.861846661413722	0.836590811963177	0.841158154855938	0.616319296797623	0.733733806907885	0.814284139638943	0.853698002878716	0.735055250092461	0.774843635202265	0.933587822903229	0.834300778920389
"110"	22.8	0.837782395220458	0.645075305495949	0.937009309059475	0.852603531802024	0.827380411493832	0.797711176943006	0.881172720063028	0.725501657691399	0.752193550422267	0.796796130602026	0.738267601087309	0.87377192332024	0.875684660399563	0.810751954581219	0.637218249910794	0.69733725296777	0.819889943207771	0.838643085586468	0.731268627247705	0.757833960980392	0.929725137763925	0.816992441794744
"111"	22.95	0.854847725342946	0.643414177631234	0.899465589285301	0.814871730893148	0.828310822909476	0.800860584320483	0.896167190453755	0.737755831263932	0.774244390943455	0.82019852358703	0.73760375130992	0.87539342411364	0.904517423667878	0.774820725711918	0.632172545547641	0.702685468727467	0.80829642474278	0.817196605164687	0.722346995207989	0.747449507192286	0.895381648953997	0.844715465430273
"112"	23.1	0.856210624482835	0.641676489792506	0.870082496576321	0.811439637694622	0.85143762923629	0.796256154945022	0.896009267861878	0.744231919925974	0.776494406782072	0.817989628821693	0.735778134792026	0.86985283097936	0.924580736728142	0.789680573537377	0.664715555361117	0.699105489190498	0.798412883410508	0.819255282450579	0.713724978976216	0.718520432023519	0.930727266800201	0.877352828898759
"113"	23.25	0.830174716247987	0.658407552528135	0.862877210093315	0.813699800248261	0.822302246680132	0.767013033304278	0.874917142072907	0.7718083792015	0.815605804730899	0.815000362330769	0.732335440694072	0.859605136464922	0.913356007603122	0.751793940150539	0.648420626779745	0.701932265506084	0.775029214107975	0.80867966114273	0.686800350771881	0.718741060072743	0.897778936918911	0.88312665791131
"114"	23.4	0.828159166156141	0.668038119108483	0.852083978411754	0.801432292720773	0.800264284472534	0.773531382233597	0.847485642587918	0.737115144636679	0.802488435411086	0.816191292928945	0.762512157056516	0.859411633198892	0.886941209449306	0.735573008761689	0.645934348514132	0.71578669316727	0.75398436032721	0.822538209450677	0.66543537977756	0.69240781008846	0.898249124944234	0.869992405949797
"115"	23.55	0.829066832754114	0.664804286337467	0.836483924317768	0.82616996517722	0.806936144859127	0.77962128648157	0.836847257005485	0.744146098447185	0.816970184625718	0.820232183417765	0.694814224301336	0.830315227089812	0.885347188961213	0.705387154400334	0.658593697852876	0.70988155454173	0.763892667309965	0.817213480832945	0.673056854882634	0.727867999814997	0.911009852554122	0.885634318303965
"116"	23.7	0.805298227619681	0.660194730340266	0.83625943492793	0.851950604792368	0.781126082081589	0.76699802604441	0.829343889513278	0.726690457061513	0.842232490435173	0.80658105287043	0.696041494528916	0.855330667220986	0.846170972902218	0.733817651457486	0.670824762749315	0.71051856266715	0.742414170354014	0.812175803904436	0.669507902407344	0.721203761048138	0.907378957224685	0.861001795543838
"117"	23.85	0.810778114598201	0.679436563347813	0.820688673074706	0.822433487135253	0.797905230339831	0.77455431497062	0.847521641581085	0.733043124651511	0.887394381381225	0.815012003594232	0.73804499891384	0.856589968921546	0.845843702043569	0.710074248607305	0.670826060141675	0.69487393029144	0.760175745108047	0.785207194894243	0.682868094983379	0.723362257915962	0.914167880103266	0.868747414572022
"118"	24	0.816041130083203	0.683506106633368	0.81324596220296	0.809034266016382	0.773789394031648	0.781314297459864	0.855844427757835	0.715807329097933	0.898048704969066	0.82410943314431	0.713871841738146	0.842678522448764	0.824904654866467	0.674488337869255	0.67319272979375	0.692491972405331	0.744344902294743	0.776731501385997	0.683912238989057	0.70976233037484	0.937635171256657	0.868594528614724
"119"	24.15	0.7843224327454	0.720988611081778	0.802172619694298	0.831674556013809	0.770895500935287	0.773883071310526	0.876376831454625	0.707677829087914	0.923371146674328	0.827209128152018	0.709331842157936	0.844706994535877	0.796651487557663	0.673951325480974	0.658690702830365	0.690762859879148	0.729129022635503	0.77747828703343	0.673220307763834	0.710938410188998	0.944671579815745	0.875889664500379
"120"	24.3	0.809876875560806	0.746202354602991	0.798401318823647	0.81117878927436	0.801057119238857	0.762884606586826	0.892387224051763	0.730800623917775	0.916108087971514	0.847035759880865	0.737867423465335	0.859766772567829	0.785499038939241	0.664408941175074	0.677286452078382	0.704331578820155	0.728577985371151	0.76240820656803	0.680018025052345	0.711282189052142	0.990872964294782	0.877898304725591
"121"	24.45	0.772561421602199	0.785311054147534	0.803496048358346	0.797678602505346	0.798446199261916	0.728234162361114	0.904132038889514	0.746150238189858	0.88358730832837	0.866047122338071	0.699722549954191	0.860489977168432	0.771647621329593	0.681214622011275	0.662436121950441	0.706029516429964	0.749682527951932	0.754941116868574	0.706739123723884	0.714853462963476	0.999877883727127	0.878053317972692
"122"	24.6	0.767347514204809	0.778955134870724	0.827879791645704	0.832774518086044	0.792650750388842	0.724935153097458	0.875810187951741	0.743580497775666	0.881078415707265	0.858740436120111	0.691495490448478	0.866032981596654	0.767005424979889	0.664588535351086	0.678598663792308	0.721270665453652	0.737391666335659	0.736599446430639	0.676771105810757	0.703399031866007	1.01537167199838	0.859326290186062
"123"	24.75	0.792490871712183	0.772579851613996	0.825465292133209	0.820897282166952	0.777902946045105	0.725553972489273	0.879210764597566	0.729654515492363	0.891516984657995	0.866508246019603	0.691295522270031	0.853136862386004	0.730334243128358	0.683729692081153	0.656333856632534	0.694672547841428	0.738896859744906	0.721848338640814	0.668401611483212	0.705656763334403	1.03709281536982	0.864332368146091
"124"	24.9	0.785752563066005	0.81167441901515	0.842061309945309	0.808662177465866	0.79304800474045	0.694071792089789	0.900325412160974	0.716417652295585	0.899654791487512	0.851322588875141	0.698669459914973	0.855864639369903	0.782823672306897	0.686827705144627	0.65880696077291	0.712317244177804	0.7543170918558	0.715924652586465	0.723676422961385	0.714287269345467	1.10119315318305	0.831022354440921
"125"	25.05	0.778592395689642	0.792035731242879	0.842148328820751	0.807660148734641	0.778831251577469	0.712033728988394	0.91930248488436	0.719111390565985	0.884561725216532	0.839994947397398	0.699130256929883	0.838826414214213	0.75520712143022	0.712648052351653	0.668482036405551	0.689050672678148	0.75780235486796	0.690999645361376	0.716373851763059	0.738393587612726	1.11459535884531	0.806373964192443
"126"	25.2	0.790301845159216	0.803770723339352	0.821354179362115	0.815403838796216	0.789313575129261	0.718745360348112	0.94735145623291	0.722931661702983	0.879036502209422	0.824399019005014	0.693235302398171	0.811994413879625	0.748965851876085	0.70864920924184	0.675962164332274	0.694411960849888	0.759443183521869	0.709080773782789	0.74063585819044	0.757108875320263	1.1012351552921	0.826886637156348
"127"	25.35	0.807272605263883	0.794211867326432	0.760354513402916	0.804998391331037	0.788650933788815	0.684502272106103	0.9146774428539	0.720230402900941	0.909717095164094	0.842573112096071	0.678337572098853	0.810054548121739	0.752433077241298	0.731857351545792	0.69232963870861	0.709887267954429	0.767186603996091	0.709332136302298	0.716453550890619	0.760237041685118	1.14149524390025	0.81638991219569
"128"	25.5	0.819909142961456	0.807722719578359	0.729285195117763	0.801647182141823	0.818152427413958	0.673380395324085	0.905796280110812	0.714098175480443	0.932193413264539	0.850391117434625	0.700795858491329	0.807487538756051	0.742609065590775	0.729066998396226	0.707450439922443	0.729694925072245	0.783582763358288	0.699255152229854	0.725973636312229	0.760377514616656	1.20777099097694	0.851527933351326
"129"	25.65	0.85649390629808	0.796082388352781	0.729859780253063	0.783584690904167	0.812870821107141	0.661501190583928	0.898704720524074	0.693223936225994	0.932392476998948	0.853675308969836	0.696827649216676	0.830710727775093	0.744161780497059	0.697722415093756	0.687360017660525	0.744037104318083	0.78241309722661	0.710987934772851	0.71244404314779	0.757311293034118	1.20948735472989	0.86881720444029
"130"	25.8	0.838174786477312	0.829351924149136	0.762742354733821	0.819325312601702	0.831202076215676	0.654674185001539	0.923346078407124	0.706592811928186	0.927430449049513	0.867342053859634	0.67298766816938	0.850143161169102	0.741139108113465	0.686679161752225	0.716509799495919	0.720250893109398	0.763521416252859	0.704437428243791	0.707785030980782	0.768135330394965	1.20565627200055	0.877302156816251
"131"	25.95	0.843955599796831	0.865737611992845	0.761605954243472	0.821400622687403	0.827028729897221	0.651100349956971	0.936594314522736	0.744362547145968	0.931590928669482	0.858778897881688	0.694419185017992	0.826026387353206	0.731742652077252	0.685227993377054	0.739643631602695	0.710671567422568	0.763034176836566	0.722994330019523	0.710303192448544	0.786103185234178	1.16250825318533	0.918643612779754
"132"	26.1	0.861912521425281	0.87563520071511	0.731261807261487	0.849419160345028	0.824045008249268	0.675636736024314	0.922226240080152	0.727558710483265	0.929049550597641	0.854401554093354	0.689536144088012	0.79279724103136	0.730689760984099	0.657218725726907	0.739764451115242	0.681279468148114	0.744339899072909	0.72776228052123	0.724763122845352	0.807496601594316	1.10195778440729	0.881928497069725
"133"	26.25	0.864641511600151	0.882112768952392	0.757154415745454	0.819208767187594	0.825685342657278	0.709460618411296	0.877224252373468	0.750484991045664	0.902840710362436	0.827364261903829	0.687510589461032	0.799199153865339	0.725545502253667	0.659481701359422	0.749522636278849	0.67083700809254	0.746194216435706	0.724364285446328	0.745970687707374	0.810225594357501	1.10895411273284	0.881534023515997
"134"	26.4	0.809113699030144	0.882889160760355	0.705157258618482	0.819170956004874	0.849829323024752	0.73467937572805	0.875915003243923	0.754835150008615	0.937977788503036	0.824457773210939	0.652334951540914	0.822045871712232	0.739736423730124	0.663426907123108	0.745668647280737	0.694529712875767	0.743523250777137	0.740412141945205	0.76816619342443	0.808361923173655	1.1130135805497	0.877794816041562
"135"	26.55	0.81915182972309	0.857125031195014	0.672994903464994	0.802131686703839	0.842175540477941	0.723450252232429	0.869319593802139	0.781424112715	0.957574391577387	0.806822512921975	0.650867951213925	0.839919148787752	0.74325465230423	0.6413098880817	0.758398495486951	0.689473061812248	0.760269808011721	0.745465762350337	0.792606472452501	0.813929171890201	1.12302769276412	0.886329160520864
"136"	26.7	0.803458799637302	0.847779371310057	0.654500063279048	0.79832900582207	0.84352899529086	0.725446551175541	0.90470632060475	0.782193557795486	0.924954292041329	0.798766272481076	0.618302463568576	0.862161590654188	0.73711408708371	0.642990520323266	0.759210911425557	0.647953463554143	0.774126625662892	0.735858119462621	0.790988500694817	0.801310829578628	1.07122185843199	0.882955020054294
"137"	26.85	0.840895079575337	0.859249101881208	0.655893295994601	0.772247011602444	0.832260672326423	0.708435958766766	0.881262388082047	0.774900466714666	0.942907420617375	0.795466159795423	0.616548333891681	0.902934434437	0.770227897809749	0.663178277509257	0.778217236602029	0.656760523994372	0.777327669333199	0.715342531460664	0.780237104645138	0.809525383745544	1.04459440738747	0.896713043884239
"138"	27	0.871155255526224	0.840319542691834	0.644177691369193	0.775259311486651	0.830541598271395	0.805361395379858	0.876203746431665	0.791657808464647	0.967915142643726	0.778203341644894	0.635064046875235	0.898885538019046	0.754814185830211	0.64623066498362	0.804939176814105	0.651894101022198	0.776608491926241	0.711461003575273	0.782437333934676	0.835372601748834	1.02533831396873	0.863434694692616
"139"	27.15	0.878911638611618	0.854470344084316	0.616743402393561	0.768689521945259	0.864744726956299	0.812158469739616	0.851886315374392	0.783569369372148	0.93953119217985	0.792299892224727	0.61886521640411	0.904863649910746	0.74760041486368	0.64773394333579	0.782309559047856	0.640395637192384	0.768712291347281	0.691457231251911	0.790796060455023	0.891636532865862	1.02352984282969	0.862426481546046
"140"	27.3	0.856655898946582	0.850597587065526	0.60566822291793	0.779033801630886	0.900135807106853	0.833416634624932	0.860779458572326	0.76424755396032	0.967203135988983	0.82847320410535	0.600366808276795	0.910845911708853	0.719997665713788	0.646087949571456	0.805335712243362	0.634606260145728	0.774224996502379	0.717783043269627	0.794892155317322	0.890154239286487	1.01085647017663	0.82345183999608
"141"	27.45	0.831885469069143	0.81814312623169	0.56972237208094	0.774581258500069	0.929782207623874	0.85671686042951	0.848147935120867	0.765214164519349	0.938405821920886	0.81777340062412	0.578117432743617	0.938805212072467	0.706396924925022	0.662886472496768	0.814593457800297	0.615337246570665	0.773508592669876	0.745321090964372	0.823254903093695	0.851327600605125	1.0073207389736	0.838817697435743
"142"	27.6	0.787905939709921	0.819194162988559	0.551450898558042	0.75041290818362	0.967415208127148	0.848790479104929	0.866319424023486	0.779943371142631	0.91134339344259	0.804945470129225	0.573524752281775	0.934675531238909	0.708024841029403	0.700017821391152	0.777425539115287	0.626465784559534	0.781640380046202	0.752778587917921	0.823392395032736	0.868413836816969	1.01336202308856	0.831875384615923
"143"	27.75	0.789612648011607	0.84283667326893	0.536103446500126	0.728808597535978	0.984399612899576	0.849820088847131	0.854636556747996	0.774542133042652	0.920890404813284	0.826508148513239	0.555775771879699	0.947524184096676	0.687902220822447	0.698434834008289	0.761761894167619	0.614153469778166	0.802467303217522	0.770306310592351	0.860813137881804	0.865544360767947	1.0059334725334	0.844606910265407
"144"	27.9	0.797626370061397	0.818169432656933	0.539124586899517	0.726972688899183	0.980760774520008	0.831651071820105	0.819838643937369	0.774033796308839	0.939865542029337	0.785197973561821	0.536691053717467	0.929771800039895	0.672440328915853	0.705614655916428	0.769031064958938	0.632929993978585	0.817117479032992	0.667613568465463	0.879925323134296	0.864374261868995	1.02995005918326	0.831783128364272
"145"	28.05	0.805692249716727	0.798695964254256	0.532586510483208	0.72255816825834	0.97371617250215	0.799807641718577	0.816971803159997	0.797230191966693	0.954517033065896	0.772870892526375	0.563743866756086	0.903297662604277	0.689609493274873	0.711129030832745	0.755005849223936	0.616553101504435	0.806717491131133	0.674390776075417	0.873101507990554	0.849904922712544	1.02617726552341	0.838991017535706
"146"	28.2	0.794007701518817	0.836465055722121	0.509116543537952	0.721868704111092	0.948471490736265	0.81639318961428	0.798226955868502	0.811650103919156	0.991754658098653	0.780155044244471	0.561733030073189	0.927335395525099	0.681114034878724	0.742495974521448	0.74703293835495	0.611389057749459	0.775206704299457	0.683251248597999	0.885357296688903	0.85347312647324	1.01787511480941	0.801236703586467
"147"	28.35	0.814637727139231	0.873946018677104	0.530580955585274	0.696195361518516	0.948809037838784	0.856850049237178	0.765518190017037	0.808303894648722	0.963798389857409	0.799576114733452	0.554807239849104	0.880692641465835	0.670784333977151	0.756527794235146	0.771264062876416	0.645526782809053	0.760934201036949	0.70711467959055	0.869995425388397	0.835868650809529	0.990415016824569	0.850953668062341
"148"	28.5	0.787967171410955	0.893404871689087	0.524632662630329	0.68192581884295	0.924474050692702	0.843077582948347	0.746285260030284	0.838654954849412	1.00157775535341	0.772899968520441	0.554852357459007	0.880631276573944	0.6744652584839	0.748860623197812	0.774470851627851	0.628218423199858	0.741288746860857	0.738640440813301	0.885245039752967	0.811708276175436	0.973765374743838	0.878960634486672
"149"	28.65	0.807789343904311	0.860608731320513	0.533693834993663	0.708189077379719	0.889115161792208	0.878623273870701	0.734040639081164	0.85677426807799	1.04125704860839	0.789159451478866	0.57287446210082	0.879298898278973	0.707843287137643	0.728896865503214	0.810095177350535	0.627364474908577	0.747253472424636	0.746878741236763	0.885089539302701	0.776948817200963	1.00206856887482	0.896301403530288
"150"	28.8	0.816625438377187	0.82273305356182	0.538428037498527	0.705000887529268	0.866292671043832	0.8580728233267	0.721600668594911	0.844960201781213	1.08013627127025	0.767417902982055	0.583168264958746	0.852913945285186	0.708487892690286	0.732755274413892	0.831382616458292	0.634612012983212	0.720907595311091	0.762976559706818	0.873625103515916	0.786242047521828	0.991207639063153	0.893170874929186
"151"	28.95	0.806619379551302	0.826464561932244	0.560891680701933	0.703731080895418	0.876503865029235	0.876857732547545	0.710478785449074	0.866638730498763	1.03385817222883	0.774938420883316	0.598269091716319	0.860525749363602	0.702950000231136	0.717604156094345	0.862281919156558	0.621582133671109	0.718803397330745	0.726332133036011	0.910205275402151	0.760858704622778	1.004395176505	0.881456193095081
"152"	29.1	0.820445867732133	0.884167603305858	0.558654302452941	0.687210596794206	0.850653364795083	0.878747967199691	0.724443348625257	0.864501374308323	1.01404397287969	0.770524423431958	0.596675460886878	0.878744375602697	0.719794119596728	0.694037094617718	0.863238794932066	0.652724557540744	0.723258910997192	0.767222732670408	0.883556211302735	0.762424037236389	0.968592143565996	0.865378594135165
"153"	29.25	0.838105152455276	0.883957105508905	0.561044301261288	0.676197335163186	0.871678465358115	0.852076026277841	0.713785496309394	0.843069261092336	0.985941424328837	0.741787479455914	0.593588001405362	0.905620997525153	0.710179820495649	0.695412402679159	0.871492735082091	0.61636352427382	0.723470900059316	0.737315658387123	0.846502395392145	0.760502351518247	0.960586396274633	0.865513868444229
"154"	29.4	0.845676066116782	0.875340713143283	0.580355504878036	0.65726578181411	0.831060302213277	0.891390647730025	0.688152990594872	0.851950530520853	1.02656858271679	0.741940814948449	0.596540195191202	0.90642915112645	0.697903156837826	0.710503366039566	0.87217176292662	0.61485592195836	0.731144436151541	0.723458716337261	0.867548182017286	0.786229620021682	0.94291565421894	0.845155021004071
"155"	29.55	0.839357810004307	0.879126688759982	0.587509661319659	0.670607790800974	0.849102082275187	0.902536282866421	0.722254114021571	0.834465445303976	1.02111745772422	0.720897429765147	0.582152173427331	0.915427309772227	0.691243000328606	0.726464530102433	0.894453727505216	0.609230950642442	0.748224740616321	0.736821550384506	0.864675584445314	0.818463844478473	0.977576511274905	0.805902741149731
"156"	29.7	0.838340208673866	0.878035765882632	0.612706994791493	0.693528451040715	0.829827321476106	0.980846950543344	0.721302282965894	0.839015585343888	1.02387370397166	0.758827522222477	0.603382940979318	0.93382241780537	0.693911723807436	0.707448061511949	0.845903545358274	0.60846128463018	0.776903092536024	0.75359635179463	0.825720222131408	0.824833107787875	0.963580286362475	0.765683802506167
"157"	29.85	0.843393033365445	0.886356290782437	0.617792073459694	0.680302172626289	0.85540906840671	0.956841333181225	0.705391596054493	0.83979082483306	1.01305837287942	0.782438037470964	0.606665191880541	0.924466010176827	0.718598117657193	0.721257548952791	0.84346681215279	0.598601076969802	0.77602085126993	0.743356458144361	0.845400835682708	0.845493807841302	0.955484466574228	0.733128750779605
"158"	30	0.84246750478822	0.91604293729742	0.631140989495845	0.684119855762686	0.869094316554561	0.974948648382124	0.696865103463326	0.858179319906075	0.99568358191083	0.798927052633135	0.602450338503802	0.926063915637819	0.717792891944267	0.745707932088253	0.837047360288166	0.586198839299023	0.79325731119496	0.723538114887235	0.844451908360461	0.866029299014667	0.944758932623424	0.772103351514513
"159"	30.15	0.877254027420367	0.911076506636115	0.642598480320851	0.679717150420043	0.90432960421991	0.977830995865262	0.684624989615965	0.85123657403838	1.00436653338734	0.815013048345141	0.594877809759368	0.907360522082861	0.700016114986817	0.770899243111871	0.81457449823025	0.585012432481137	0.777845675673441	0.731693125419965	0.857645181999016	0.831590069706633	0.906775195624315	0.720174409604146
"160"	30.3	0.864749748564521	0.914767684077138	0.660518078201458	0.658218009406874	0.898788087434142	0.957259328709	0.671986187991856	0.844103184883472	0.956898264513188	0.870732823793023	0.605057876605152	0.899668695004003	0.716574912989953	0.751338735261967	0.835704345630983	0.579974769571173	0.783062268607218	0.731898509028258	0.874885708196091	0.833450638850164	0.90397691856286	0.718676863853363
"161"	30.45	0.875474893510696	0.90439548033868	0.673120840227546	0.65574382236438	0.89394050776508	0.954352105260179	0.645006538942422	0.859128802166247	0.878873303966699	0.899120050132566	0.585994221016147	0.889132936344353	0.708324152008447	0.782039184199434	0.882818336734595	0.580154607341544	0.724363929952917	0.748582036629998	0.88979663338228	0.869398808029852	0.900180078767019	0.724838265980484
"162"	30.6	0.912774569854126	0.898834571594311	0.672888053291633	0.669483448864063	0.926737346636523	0.948256964699675	0.637007604684057	0.863701758716085	0.819996579154223	0.909182691091969	0.591180061221152	0.930179782336635	0.712198353284695	0.795110518973939	0.873409677964656	0.590569208140022	0.743809961538134	0.763902689228375	0.932372342064821	0.846976341571834	0.882363138269423	0.703497015477941
"163"	30.75	0.90660088857494	0.903140913984941	0.662989571060015	0.646039175043663	0.949946250022588	0.955471964881373	0.63998404202262	0.866082535620611	0.789131531019251	0.879221423551836	0.609688456599562	0.970987895421983	0.718930614826589	0.808008464328479	0.896483410617705	0.585886675343717	0.744940665115007	0.758408803660724	0.943141763587971	0.874636206180326	0.887479151141315	0.708667070576693
"164"	30.9	0.916888492888359	0.922273779402668	0.648675035100297	0.64837919623576	0.917077587405317	0.925489841229568	0.610452595405294	0.831208435500558	0.840076990219239	0.845741700771348	0.598019900717941	0.951941254709416	0.740255651687363	0.822121914269771	0.88063448163336	0.580319127193445	0.761440442544708	0.76117322706612	0.907533292881849	0.865118989522892	0.866663403455974	0.683028928085844
"165"	31.05	0.956974043191564	0.925122658874543	0.65711034707401	0.664594730429101	0.938861116865482	0.949300091337417	0.600277063674475	0.841864911086538	0.886830927744973	0.819468930450558	0.609452282339625	0.948829498476198	0.738110581490669	0.804351547920922	0.9056592254104	0.58408526743379	0.739059552733477	0.744446844576001	0.904718029859873	0.869542994593868	0.902229569548378	0.676838433677791
"166"	31.2	1.00551400348072	0.95643514751863	0.633746502360777	0.641046597435653	0.974323854588579	0.937009114571613	0.606486263801702	0.810906229239761	0.896048970424499	0.823041334269634	0.628108094888283	0.90973213905035	0.737567972082868	0.821119283295229	0.893115227819868	0.597376126386411	0.762740595906561	0.746157503827593	0.912850113550313	0.884272818862595	0.928820582514737	0.70454345477769
"167"	31.35	1.0127358855057	0.955834836657691	0.636014614853147	0.621298937331216	0.990798907029991	0.919991987779902	0.603845595042352	0.790834365545115	0.890865326577387	0.798825598664523	0.635509280401088	0.895273878820395	0.740198722875814	0.809780043545595	0.889486983444566	0.611755986308027	0.794715530111755	0.747131829207587	0.930228454253386	0.912639925595249	0.89755666256059	0.693209490836741
"168"	31.5	0.977074610675771	0.918566129552851	0.625421093905246	0.657147946269422	0.980415379603131	0.896759472274556	0.586395323084851	0.7756704941726	0.881433298901981	0.793755102054764	0.622109438811691	0.872634108592786	0.701100375034864	0.829926744071041	0.902147880971706	0.628298358481381	0.782290686104175	0.756989110775453	0.919422852111467	0.900429582148161	0.814457850760468	0.707771378050672
"169"	31.65	0.970180476604161	0.921938791251595	0.626684741317146	0.664946261355003	0.985945704536653	0.861219401901868	0.571507200833151	0.775507869259277	0.852424547237044	0.800397766386501	0.630159168095885	0.91749617669554	0.727781456722123	0.826140669274824	0.916914067805739	0.653111420139842	0.79601821240316	0.757505480383213	0.917292232933537	0.904227632712034	0.822039311098874	0.704739332558629
"170"	31.8	0.958663018118135	0.920625670914997	0.649017200106238	0.663590400470857	0.995582009085545	0.902341538537577	0.560013954552813	0.769246629779563	0.844362435551443	0.821133847069806	0.64693803780667	0.95258346739138	0.735943314201991	0.840795611492212	0.927311643843132	0.679193490060497	0.770721402830883	0.714819424601726	0.890115296378834	0.909691572973839	0.830262764612521	0.707307551528079
"171"	31.95	0.940740134580109	0.929309009001253	0.665392053979637	0.663747294751333	0.990291527747395	0.942726126823589	0.586191167878412	0.784396703257167	0.804036413524986	0.799032061829722	0.653601782066421	0.991531160453443	0.722599249623393	0.813190578001056	0.920226364758035	0.657480296101327	0.776336602461511	0.742498401983652	0.909679541103701	0.905140024971528	0.801200799072614	0.703016501210632
"172"	32.1	0.920754466351043	0.929183177582896	0.67756448786802	0.674246650564255	0.951285792996111	0.921005661355601	0.607671730532854	0.810938315303487	0.779178320726535	0.792629158450467	0.628304682535749	1.01086917633529	0.762364939763672	0.84649737520866	0.884826674859302	0.657539731492407	0.77649546280654	0.743692115404165	0.894972872060326	0.899370356686521	0.780945253056842	0.688171075978559
"173"	32.25	1.00726029668804	0.945888986768204	0.687800254591445	0.672124251774186	0.917614912055254	0.9363482423566	0.597427682180991	0.819878558347862	0.777749066646371	0.777091605373898	0.656724366655597	1.02865930123057	0.77985556279681	0.873779042415861	0.884728898618673	0.669830623798748	0.762719485958518	0.732952219582564	0.872625715848618	0.893949750808543	0.747665022506356	0.672573294570235
"174"	32.4	0.96665126449499	0.930770264884119	0.674336133891431	0.63221364549271	0.903672832412077	0.926495067367409	0.593135149924578	0.839562032575724	0.789993969419903	0.763271707193998	0.666545788479647	0.989726176938153	0.771067498584618	0.881719783362659	0.85156019007775	0.708176163470508	0.751803620118517	0.727048476326474	0.867803069242935	0.90434840633433	0.714574178110878	0.675531820595248
"175"	32.55	0.921265737705076	0.900330054036247	0.681329245887144	0.622977036402365	0.905151029429525	0.973446623145661	0.590387767586475	0.794525301092618	0.784143666476318	0.765075712330739	0.64223362847223	1.01726248402084	0.778378787320658	0.846050304565529	0.850982644249722	0.694585580938032	0.744980462153633	0.726046951143677	0.8713088809177	0.925530524046957	0.71081896577822	0.659722091405968
"176"	32.7	0.927207213377414	0.904947354798845	0.69941935139625	0.594609831497499	0.907066554973877	0.980687139457204	0.586470844969372	0.871626166117426	0.76320183106295	0.787427535284589	0.656460574846277	1.0151066288693	0.76186929403771	0.853091807417259	0.841796490542121	0.707531404661215	0.746436769665371	0.701206463614043	0.880348970875351	0.890027472625306	0.711299841516051	0.672397064828095
"177"	32.85	0.965154919743664	0.898201212103935	0.674504237619089	0.629806718051045	0.887004217930592	0.933563397370536	0.58421527753142	0.84178481592959	0.757256669114095	0.801529625703592	0.662875567720451	1.00644746382131	0.778836800865245	0.868138247281115	0.863632612697198	0.698275713456249	0.742430599654636	0.684853000066226	0.877764914791553	0.854676900709796	0.705778499505309	0.667797173922021
"178"	33	0.932572342477174	0.903236336963925	0.68946140741172	0.639453076679776	0.865613459873508	0.916042603779903	0.593211014758424	0.886230234553325	0.739778192288773	0.827915914440087	0.670802195184355	0.963404484038464	0.742895382270743	0.896459040696805	0.886336067947623	0.691311131210438	0.732846039264474	0.696117745283869	0.868310712021237	0.831100849330193	0.694529794189719	0.663570288453698
"179"	33.15	0.928908087548704	0.924297831871907	0.708754465661112	0.641390220147929	0.863746081010721	0.900609468702073	0.554250812882536	0.852998098163397	0.715700262248251	0.81350292254973	0.654814165236928	0.933983081252634	0.737387201001728	0.876464694023008	0.892100284010524	0.701950146653185	0.709640853897158	0.708530754990427	0.840871965114139	0.816021706809606	0.733496529175188	0.65058999529691
"180"	33.3	0.924646658131752	0.937265241103189	0.700971016905835	0.652995416630022	0.883680619107406	0.932416227904009	0.554213526148251	0.857313775286554	0.723973512285052	0.811618678825358	0.680012124660939	0.900933172382532	0.753918225500182	0.904750149145129	0.915178580463738	0.710234569524516	0.687977520301197	0.704555000995797	0.852237244148968	0.79458313240615	0.744356764794081	0.668442928549877
"181"	33.45	0.902041090106682	0.922527220798943	0.706319519669569	0.686401954851474	0.898491938211697	0.932852638101359	0.553561974482779	0.865203868475678	0.717163531411473	0.837668614509424	0.674085618718984	0.861380530408751	0.740074824701464	0.866385534166067	0.915636438185019	0.706029183161686	0.678327407899119	0.710635008278726	0.848778230296023	0.79753065528828	0.741684730421619	0.647994045746871
"182"	33.6	0.863858734596822	0.917002009046406	0.745610401791496	0.685660509990675	0.897264853573002	0.902662053834864	0.597659511923521	0.828437640094796	0.706043092828272	0.823293119817937	0.630478656054473	0.879933918518129	0.768290186710696	0.874221932620645	0.912357068156539	0.70429059111379	0.65659368515418	0.713730957477892	0.86915952889907	0.759955836659992	0.723614604441368	0.65097401714
"183"	33.75	0.841713318011285	0.901888454786735	0.741401617188388	0.680809878100342	0.884712178237279	0.898525279110161	0.594462697526711	0.83411901907272	0.704597148423778	0.799297953398812	0.675204059843154	0.90344293140376	0.784632534526105	0.890186188275773	0.896585885206656	0.70747235031524	0.656150872587387	0.693225489082811	0.855579928997308	0.719108765704747	0.755586688111333	0.651866656617354
"184"	33.9	0.872072745249113	0.884847771445988	0.745553590099932	0.699633550566596	0.886720932236183	0.883475892882087	0.592405172481942	0.864230227310981	0.712271249420751	0.767486060037876	0.691894953658309	0.892337270664804	0.791943654060625	0.905587164931664	0.889531442232054	0.724986322780239	0.653726185769264	0.673620505520552	0.855006867317491	0.713496906377237	0.770894124585187	0.654948438612694
"185"	34.05	0.901338139949683	0.896550396863081	0.784371383326693	0.701441178216401	0.847809483980589	0.868122978926904	0.62113527698941	0.848320421956653	0.677601844761272	0.768607510575724	0.703332826718906	0.876241745910539	0.828483536169849	0.868259617802216	0.865777033639747	0.715702323116926	0.673077157036689	0.656095435186926	0.830019489380985	0.70672725691537	0.745472908246618	0.647624954717636
"186"	34.2	0.909429203769765	0.930618748488218	0.786266385078416	0.701560245953044	0.807384607048874	0.847299075014453	0.614991839695504	0.853802594117895	0.665260977390577	0.773033967870566	0.729531372256006	0.872221809989049	0.828138314901161	0.771050683545923	0.8777569526773	0.704042249105319	0.690929432968615	0.64433351637881	0.839405584924679	0.709808175605789	0.766663250893785	0.662001814348249
"187"	34.35	0.892333419225572	0.921110605661528	0.814624792489105	0.710123003105678	0.792962486244161	0.827331116379549	0.609818967633971	0.876441520865615	0.674602536517158	0.778232435318034	0.736225440767244	0.870285067246775	0.822485592520341	0.777190803267034	0.873203608591958	0.729147564466589	0.704371321041552	0.649826398326766	0.810586377963392	0.708974933134221	0.764839551375798	0.674314615157784
"188"	34.5	0.909474736460401	0.91973831930744	0.842802971726152	0.690346704558553	0.785354494677913	0.799594358713479	0.615620807540441	0.895828535396211	0.67168540874602	0.804440156982275	0.769629726887836	0.8572469326405	0.804717640204578	0.729081702003062	0.89008572092771	0.736749461222987	0.721419259878669	0.646034171466311	0.827866168356085	0.728138834869201	0.728639409812151	0.679603517862364
"189"	34.65	0.907228632777096	0.941039350846603	0.846530446455427	0.69017420464983	0.777862311552983	0.840528395342842	0.616527800374474	0.912567451789471	0.685231211312528	0.802463567635412	0.735965251455671	0.844175658523861	0.77279503253149	0.820110563618753	0.887066012283786	0.748713124314948	0.739483273961299	0.677775614982042	0.83692792601689	0.723820650023306	0.722865715253956	0.679219158266911
"190"	34.8	0.902587060344096	0.903998989121236	0.849411972092251	0.703727430151622	0.774808691156727	0.815175438729635	0.616774571172944	0.928479446170969	0.664928345851814	0.824986824149925	0.747338568002938	0.860539170864862	0.754655524046386	0.812372104297401	0.870425603474038	0.757539042343258	0.737275008428969	0.66114457512223	0.868707122093215	0.718367993268444	0.716582333405493	0.68331053391042
"191"	34.95	0.882955221445194	0.864420868676947	0.85989252687082	0.711245467382503	0.769941518668038	0.782867090486629	0.615541881049994	0.913816795931831	0.675322689690086	0.811218539103113	0.750897629292645	0.876831115243616	0.753801299682529	0.815767625645461	0.86792962112988	0.741899188920539	0.727766962823154	0.652821732069625	0.880740312705992	0.714929205927628	0.709811563829072	0.651704720127672
"192"	35.1	0.89622569644146	0.862271715904898	0.827659825990274	0.715100989952505	0.786843757341964	0.769653140920553	0.627635235694364	0.877692736841922	0.675817595347813	0.844776440350937	0.770624782279643	0.878409345357963	0.787951765404992	0.85046125491691	0.870490309328375	0.751378524658632	0.715617468129134	0.651435049681465	0.861324581541475	0.745637169271552	0.701384978003506	0.648545306907761
"193"	35.25	0.889233863555284	0.879780328730572	0.826084510936636	0.685564309550502	0.777190096626177	0.757768663210981	0.632899629470573	0.845111369780709	0.65112742185238	0.832531683477078	0.742627841833723	0.853573244391756	0.76486263878258	0.842951925480807	0.870424557705904	0.765742677247624	0.732866626871849	0.663835719901861	0.883579048095361	0.75279109500491	0.688474947868012	0.65601833400513
"194"	35.4	0.879072640188664	0.923382677132929	0.813581475205645	0.696016674768131	0.817087748416448	0.749538448639776	0.638070567681925	0.868355614907289	0.634938953348998	0.840224171313784	0.723158139326461	0.848880486772653	0.762926198460883	0.850868981014198	0.849593818934671	0.763508194875824	0.731723104708717	0.650272232202448	0.880712174648355	0.765166757297886	0.702388114367726	0.661115527573274
"195"	35.55	0.872189472323974	0.905728565340222	0.782689978796662	0.673343777694003	0.827331571342039	0.748141623241975	0.652638096654877	0.839438601613046	0.648197825917454	0.83170301008798	0.694648961961462	0.825558555293809	0.766851609811477	0.83133015957156	0.827848517016899	0.769075414061505	0.726025869113933	0.632431335846947	0.85796558612377	0.780011714781695	0.676043588964373	0.682978337776829
"196"	35.7	0.891021718826615	0.86348329643148	0.803717716353433	0.692950734097677	0.84891758100582	0.753567012716137	0.63478995484031	0.903387647198995	0.652987593318929	0.857068685336182	0.695976768535148	0.802103221255198	0.749552357759654	0.874277080852812	0.82685862088696	0.765870346655737	0.750725661700679	0.60243531294553	0.871550369120539	0.779373885694218	0.681732277283842	0.704168448028387
"197"	35.85	0.888701992779243	0.873730551373032	0.815870827832524	0.721807485697857	0.821678228190401	0.757632949887795	0.644987743105041	0.927979485431825	0.647198772364833	0.884158890712178	0.69707936691794	0.7962633870984	0.765560405408707	0.882769623751592	0.830621541017244	0.784060425572409	0.736726321752626	0.591541895229172	0.875498866204725	0.791065732106633	0.696416269289525	0.717536652529108
"198"	36	0.880716740679363	0.898195795413213	0.783631952658647	0.734436537517525	0.865503256988392	0.761332173975624	0.648537820680143	0.903760646283987	0.623644797773232	0.899237385680678	0.710989620659777	0.787428112334636	0.789387223220447	0.903576683284987	0.80675578932572	0.808756014261944	0.71844005926859	0.602126267368949	0.854541211138291	0.781904204192942	0.692357121594134	0.731915672234479
"199"	36.15	0.866938154362024	0.901380159668592	0.778528021985305	0.726541006010521	0.848824236065397	0.764896665075768	0.619811208767354	0.892389902740607	0.617038563785229	0.899144949912338	0.716724955390719	0.785408140569255	0.785935408569565	0.900735856032973	0.788662760825613	0.823590770445628	0.707361310136304	0.600991157436927	0.878632932651612	0.753239956144861	0.668848583413058	0.74373096624919
"200"	36.3	0.903878784683071	0.927509940716238	0.746148731753878	0.707157212145094	0.821750210777748	0.761179303894866	0.637432936317053	0.873509700855531	0.621091006975606	0.874624910280156	0.704314275370809	0.763676791873515	0.776209274054735	0.933206218314098	0.803879952744994	0.830434360307788	0.697480101501862	0.584440190490945	0.920859564106589	0.751078056886338	0.655218972134755	0.767776800527018
"201"	36.45	0.917057641784157	0.888092138795974	0.762966414509407	0.720829952637424	0.804042304945847	0.778025743395793	0.661168316848498	0.837409926229766	0.593251670562444	0.876634863001493	0.723093192789328	0.785581210899322	0.766386395983328	0.944404064427712	0.805536599963174	0.864649918923454	0.694674359877064	0.5922394074834	0.898961409619855	0.750659483505719	0.675613196227982	0.77341695682078
"202"	36.6	0.994550251664676	0.849597610763758	0.738397788052837	0.719329360593633	0.824297355082586	0.765136083043673	0.6875733921954	0.822498573190336	0.597782716658353	0.886122400093322	0.728954633990681	0.791440928986913	0.777007870041223	0.924134073367761	0.815185613893265	0.887027510104324	0.685997875966824	0.594399850560983	0.883333628498972	0.754996718981935	0.701938364943173	0.730054863942805
"203"	36.75	0.971241293622155	0.890120058987521	0.747091857166858	0.70428775191202	0.797054949850676	0.761144971250903	0.701136920799206	0.817170310695936	0.601685463458164	0.858497505626374	0.727605504210841	0.807256220997128	0.801691966301661	0.911948452884632	0.850358576742322	0.895565495110446	0.691208269733387	0.591931264807595	0.863697628852621	0.770326066037812	0.70391061231988	0.750787759879933
"204"	36.9	0.955753527346558	0.891964445647231	0.727211395077402	0.70980656748684	0.782713907475319	0.779962284676009	0.715500936960902	0.817172333882779	0.605422355460377	0.826883601928225	0.727169295933675	0.804560022894582	0.794577053496905	0.918047970944676	0.831418759154553	0.928847026649816	0.687445079761601	0.605479251290701	0.855702024234572	0.76775059002699	0.694807047608796	0.744115840650928
"205"	37.05	0.967550509122944	0.883701728320122	0.746983732861687	0.744802516042447	0.794321879866786	0.788324157277132	0.724008276519599	0.78096840922981	0.617360487251985	0.822882523164152	0.732534914658136	0.813173129959107	0.791546004159965	0.882632839610975	0.793506122349306	0.938422874574079	0.688872521203798	0.59568730059048	0.85300688630349	0.744622521996367	0.6991208909582	0.727839107195947
"206"	37.2	0.934193346609667	0.883945481663407	0.769449076047576	0.825161125130832	0.75836614577823	0.804512962309775	0.736860946199557	0.812289913286005	0.638477359281807	0.826661086691356	0.733447685633509	0.786253003798917	0.789033283864137	0.890834854127584	0.824447331294427	0.947872576395262	0.709604388204327	0.585668380591836	0.820196561130128	0.753318633610095	0.681399172063833	0.740769894685119
"207"	37.35	0.920881494790143	0.848571526924968	0.819620464163737	0.853862321329965	0.743699678005397	0.805534417106683	0.731819198178689	0.7903030917937	0.669493581211034	0.870327155384601	0.716903482304066	0.763723493336561	0.78359513931982	0.927299204296814	0.794362302495284	0.955233732041203	0.725581789819898	0.588313900448778	0.804148961460726	0.754723806604212	0.682213056613236	0.741760447673954
"208"	37.5	0.887215935595073	0.84121732890501	0.816824274598439	0.855093052521273	0.76407570794043	0.82048337295088	0.74393596811283	0.780892026411856	0.638695029305569	0.874510906276815	0.736042235854329	0.788481458806175	0.77354346327884	0.938119889963199	0.78789580188771	0.977105690702604	0.72508604513044	0.607393906918626	0.80355856490217	0.75556752620077	0.682279467080518	0.764216182183411
"209"	37.65	0.897093650021493	0.80524845361458	0.820101450569439	0.829942426987064	0.745191150521852	0.811928114359314	0.75320210693737	0.815018053879004	0.617936515867983	0.880919194632866	0.740335408212177	0.823493922671083	0.777896438972571	0.935746559408148	0.795227113447322	0.976823123562245	0.740185244016543	0.595167980218646	0.778454801371872	0.771710636997708	0.671830331445826	0.770920951414642
"210"	37.8	0.891547739570855	0.766235506014575	0.822626926063067	0.819365923827564	0.730110407592299	0.812985168290445	0.737938925970968	0.809387606113506	0.632331905889089	0.881751737828988	0.712332774328403	0.842534526941524	0.773928092386379	0.922394170755237	0.788097648609184	0.954268691968851	0.741960628219959	0.606449439525846	0.749060906056398	0.789638532381997	0.636967046580368	0.741988860618269
"211"	37.95	0.850686274494727	0.771933915125196	0.814773294291849	0.825866616329721	0.718976504935145	0.818402969696404	0.743058896933754	0.799545826194372	0.638722695406037	0.916262908260828	0.714667960100932	0.841313673897641	0.780399344910064	0.911949155757493	0.805939371656411	0.932555121941659	0.718879293816005	0.608243890524918	0.719870823577731	0.774918497476976	0.686191928920911	0.766594161109201
"212"	38.1	0.882409307843216	0.782622610632984	0.828556036866761	0.785812507612657	0.710575160851053	0.826530101414809	0.753484506838766	0.780629565620761	0.670958478102558	0.937041405587511	0.716478845367538	0.854054437985059	0.801955834111058	0.889132258690779	0.793995642054647	0.891197061523718	0.72169869746364	0.611801474598348	0.708030950837975	0.784599001393951	0.729904646644812	0.741837260638034
"213"	38.25	0.897389017389075	0.811884726552253	0.864280743325817	0.773231708774748	0.730702948513759	0.837788821028623	0.773131353406981	0.782582090263854	0.680827061079933	0.964742188389083	0.709951747822014	0.844960718428479	0.774878239259785	0.876817078486445	0.771060203174971	0.875890032530942	0.703537367339961	0.608462992893464	0.710525454696206	0.752083957796096	0.720623355882546	0.754786418418045
"214"	38.4	0.880176196931645	0.830998806875839	0.83956808442888	0.789941399405613	0.736776606026994	0.81329498674079	0.763670263001712	0.773388919717728	0.702180026410874	0.937783727552098	0.707699182928443	0.833907753450471	0.775817520420197	0.86615823153161	0.756649095654427	0.864709583558993	0.703183682172522	0.620508422275841	0.741596203805255	0.740549115105168	0.73938034108102	0.73370170678806
"215"	38.55	0.876659475218223	0.820111847801481	0.825769629387509	0.790589080856947	0.74172392211155	0.809511733946784	0.751844782624891	0.764157587951286	0.729567443828841	0.962743380820596	0.703977260538319	0.796605383804716	0.78564438942557	0.90140191698504	0.771662712728611	0.905678367126643	0.699499025946129	0.624493289379686	0.736766582910657	0.759757127744556	0.755730127501845	0.737389041298793
"216"	38.7	0.878749896110289	0.810411009883705	0.818571629531258	0.7885386420821	0.742537658229391	0.80928247355555	0.730767096891257	0.742691909314736	0.742825991711445	0.966921572293754	0.722231468602303	0.79208864234922	0.78023781942177	0.898112913480225	0.769865307860693	0.871367741667167	0.679051817932114	0.621159438604132	0.734052509711634	0.768717679276042	0.760412451956411	0.758477688727373
"217"	38.85	0.804419977332989	0.793781567674228	0.845128162134421	0.79840244766845	0.760837793050257	0.802082580392705	0.76145340247442	0.746296349265597	0.755371212392156	0.984629592557386	0.695744489726764	0.760712154409701	0.780027347018542	0.90545114005269	0.73106365987065	0.850720737591964	0.691927727343792	0.652193392015328	0.756297395254914	0.789733201203249	0.761197039259755	0.793790964568139
"218"	39	0.802586549641768	0.790193614920578	0.830841330619233	0.839143403428463	0.750294701497375	0.828212972104113	0.750425890915122	0.729462061583929	0.751753173457181	0.998883545496175	0.726455094478249	0.78413987929621	0.772304589365666	0.893376746641194	0.74003864216275	0.802410280885329	0.711699004478887	0.652086545974663	0.778773588757392	0.775624200829645	0.788558600751691	0.767081151994594
"219"	39.15	0.86374171181769	0.795143108422553	0.82625697574597	0.875782365350585	0.765189766612033	0.810115932559208	0.772771104517409	0.749302712491252	0.776757637558089	1.01732578992964	0.717600586939393	0.754555668812512	0.7775833041997	0.907339979669561	0.741617347561724	0.807551821578821	0.716677594489316	0.730494066284517	0.763018970519435	0.736569305031174	0.807531113633569	0.746671120485014
"220"	39.3	0.838240886199422	0.791015527593261	0.846377414961165	0.887358149641125	0.787989651257808	0.800078020952098	0.762539450141279	0.736341596498219	0.789373657962219	0.983214684336985	0.721702450227754	0.761300129586217	0.799260236142068	0.894905000596955	0.742251774873125	0.790047544988689	0.72643061267313	0.72111202887666	0.764418690306254	0.759486575543434	0.826042406519793	0.736063445025515
"221"	39.45	0.795152518463356	0.770428749456552	0.828420841267755	0.84450595137703	0.778844214001173	0.829393533163046	0.771002406995078	0.747094888133513	0.813378468785645	0.999282170629427	0.715997715733687	0.746258513908637	0.800212104922684	0.921832958189634	0.719684846136241	0.820988769150472	0.730429261293126	0.726632354849212	0.742946209954145	0.781843926386395	0.823645273855811	0.752323534084174
"222"	39.6	0.83484591662955	0.798636411729096	0.827463761211471	0.838750290868384	0.778527950700608	0.825214760717714	0.746364111080794	0.716250134081501	0.805693144787761	0.953606363071602	0.730383119966074	0.766177886974635	0.801765493709362	0.915782023659217	0.695382892670501	0.814471676847946	0.740205186503563	0.731820977667058	0.734869451823535	0.786437286891863	0.806166013265441	0.747467635094684
"223"	39.75	0.808489428501827	0.780459851573862	0.797948388272147	0.862105773104696	0.751387015829474	0.830956379758888	0.756582192091281	0.707643182683938	0.828090313394088	0.975636952266171	0.759453875233679	0.77107952819189	0.812589450229162	0.92309336056041	0.711275130629719	0.819223944693532	0.779393950042932	0.709208621603937	0.740459642273583	0.791182208800022	0.761952261986937	0.732185448118826
