0,0.0001,0.01,0.0001,0.99
4,0.0001,0.00052976,7.1806e-07,0.99
8,0.0001,0.052893,0.0019373,0.98894
12,0.0001,0.038756,0,0.99745
16,0.0001,0.0014937,2.4222e-06,0.99763
20,0.0001,0.026917,0,0.99452
24,0.0001,0.061685,3.9872e-05,0.98446
28,0.0001,0.04242,5.3156e-06,0.99469
32,0.0001,0.052599,1.1438e-05,0.9869
36,0.0001,0.037157,7.0249e-07,0.98075
40,0.0001,0.0029306,1.5126e-06,0.98809
44,0.0001,0.022881,6.9624e-06,0.99034
48,0.0001,0.046227,5.3238e-06,0.98466
52,0.0001,0.046742,1.5144e-07,0.97343
56,0.0001,0.045861,0.00012557,0.99679
60,0.0001,0.072098,0.0021442,0.98253
64,0.0001,0.020305,4.8148e-06,0.98705
68,0.0001,0.0059928,2.0186e-06,0.98886
72,0.0001,0.0065048,9.912e-08,0.99164
76,0.0001,0.079069,0.00029745,0.98533
80,0.0001,0.034556,3.1216e-06,0.97115
84,0.0001,0.058569,5.1459e-07,0.99216
88,0.0001,0.029645,1.2363e-06,0.99167
92,0.0001,0.0068321,5.8584e-07,0.9958
96,0.0001,0.0075271,1.5774e-06,0.99046
100,0.0001,0.080086,4.9151e-05,0.98359
104,0.0001,0.027662,5.8378e-06,0.99952
108,0.0001,0.0114,4.2005e-06,0.98867
112,0.0001,0.030773,1.9362e-06,0.97489
116,0.0001,0.034594,2.0833e-06,0.99952
120,0.0001,0.040729,1.019e-06,0.99883
124,0.0001,0.0023936,3.4169e-06,0.9915
128,0.0001,0.029363,1.0556e-06,0.97296
132,0.0001,0.023519,1.4627e-06,0.98827
136,0.0001,0.01636,2.0395e-06,0.98837
140,0.0001,0.011864,3.4772e-06,0.96706
144,0.0001,0.011491,2.9129e-07,0.97848
148,0.0001,0.079001,2.7127e-05,0.99098
152,0.0001,0.041874,4.9223e-07,0.9609
156,0.0001,0.048926,0.0031211,0.99585
160,0.0001,0.049435,1.3291e-05,0.98606
164,0.0001,0.00018766,9.251e-07,0.98659
168,0.0001,0.0086415,3.4911e-06,0.97933
172,0.0001,0.019287,1.2907e-06,0.97898
176,0.0001,0.050146,5.3379e-07,0.99351
180,0.0001,0.032542,3.6733e-06,0.99042
184,0.0001,0.049441,2.1681e-06,0.97581
188,0.0001,0.028095,5.3756e-07,0.99399
192,0.0001,0.015849,2.8662e-06,0.97229
196,0.0001,0.047041,2.1609e-06,0.98919
200,0.0001,0.024399,4.1015e-06,0.98534
204,0.0001,0.053157,4.5478e-06,0.99545
208,0.0001,0.041461,0.00024396,0.99028
212,0.0001,0.038359,4.6163e-06,0.99957
216,0.0001,0.040358,2.7239e-06,0.98658
220,0.0001,0.0036408,4.6346e-08,0.9931
224,0.0001,0.00026862,1.4818e-06,0.9911
228,0.0001,0.024708,3.6196e-06,0.98366
232,0.0001,0.0025155,0,0.9795
236,0.0001,0.02231,0,0.97515
240,0.0001,0.028561,2.8203e-06,0.99861
244,0.0001,0.05038,6.0135e-07,0.9946
248,0.0001,0.024655,1.069e-06,0.99193
252,0.0001,0.013681,7.3473e-07,0.98842
256,0.0001,0.017432,4.0079e-06,0.99137
260,0.0001,0.0089467,0,0.99019
264,0.0001,0.068342,2.8215e-06,0.99662
268,0.0001,0.054082,0.00023792,0.9979
272,0.0001,0.040276,5.21e-07,0.98345
276,0.0001,0.027342,0,0.99706
280,0.0001,0.054642,1.4932e-06,0.99818
284,0.0001,0.042249,4.0572e-07,0.99193
288,0.0001,0.06077,3.3902e-06,0.99741
292,0.0001,0.047626,1.195e-05,0.98549
296,0.0001,0.033314,5.918e-06,0.99122
300,0.0001,0.071521,1.5159e-06,0.99682
304,0.0001,0.047417,7.8829e-07,0.9906
308,0.0001,0.0068628,7.0451e-07,0.99792
312,0.0001,0.027273,2.4907e-06,0.97793
316,0.0001,0.022891,1.7504e-06,0.96756
320,0.0001,0.035318,2.8775e-06,0.9993
324,0.0001,0.021721,3.7922e-06,0.99828
328,0.0001,0.029611,4.8404e-06,0.98296
332,0.0001,0.019672,3.6564e-06,0.98929
336,0.0001,0.030287,1.063e-06,0.97883
340,0.0001,0.018396,3.9784e-06,0.98509
344,0.0001,0.030557,3.7685e-07,0.98266
348,0.0001,0.0066147,2.9926e-06,0.98888
352,0.0001,0.076987,2.791e-05,0.99882
356,0.0001,0.022813,3.2913e-07,0.98269
360,0.0001,0.048425,0.0011467,0.984
364,0.0001,0.035836,1.278e-06,0.97782
368,0.0001,0.052015,5.2945e-06,0.98573
372,0.0001,0.041472,4.5432e-06,0.99297
376,0.0001,0.0061709,5.0556e-06,0.98695
380,0.0001,0.024924,6.3057e-07,0.98934
384,0.0001,0.031116,7.038e-06,0.9835
388,0.0001,0.009063,2.3546e-06,0.98794
392,0.0001,0.031987,2.0545e-06,0.99225
396,0.0001,0.048149,1.8911e-06,0.99608
400,0.0001,0.035873,2.5059e-07,0.9931
404,0.0001,0.010379,0,0.99901
408,0.0001,0.0016687,1.9451e-06,0.98344
412,0.0001,0.010131,2.2122e-06,0.99171
416,0.0001,0.043077,3.7342e-06,0.99812
420,0.0001,0.040508,2.7188e-06,0.97246
424,0.0001,0.056132,8.3273e-06,0.99354
428,0.0001,0.036744,2.593e-06,0.98364
432,0.0001,0.050669,4.6447e-06,0.97953
436,0.0001,0.0016038,1.8234e-06,0.98973
440,0.0001,0.040488,4.1122e-06,0.99142
444,0.0001,0.014913,8.0935e-07,0.98611
448,0.0001,0.029742,4.5917e-06,0.99267
452,0.0001,0.035722,3.4892e-05,0.99535
456,0.0001,0.019583,7.5049e-07,0.9956
460,0.0001,0.032216,3.6441e-06,0.99528
464,0.0001,0.057955,2.9998e-06,0.99798
468,0.0001,0.033084,5.7831e-07,0.98913
472,0.0001,0.0066171,3.3518e-06,0.98122
476,0.0001,0.030801,1.3367e-06,0.99012
480,0.0001,0.048964,5.6679e-05,0.97417
484,0.0001,0.05357,9.046e-06,0.99474
488,0.0001,0.033098,6.9993e-07,0.99369
492,0.0001,0.030575,0.00027746,0.99658
496,0.0001,0.04425,2.7082e-06,0.98191
500,0.0001,0.013975,0,0.99713
504,0.0001,0.02518,1.5441e-06,0.98819
508,0.0001,0.034266,6.6101e-06,0.98944
512,0.0001,0.0041024,3.0675e-06,0.98156
516,0.0001,0.020172,2.6046e-06,0.9891
520,0.0001,0.0027126,3.0771e-06,0.99186
524,0.0001,0.023311,1.1137e-07,0.97697
528,0.0001,0.012696,0,0.96211
532,0.0001,0.0098038,9.1102e-07,0.9984
536,0.0001,0.0034325,2.1524e-07,0.99421
540,0.0001,0.048216,1.0915e-06,0.98553
544,0.0001,0.011488,2.5074e-06,0.99268
548,0.0001,0.017313,2.8673e-06,0.99326
552,0.0001,0.011154,1.9597e-06,0.99143
556,0.0001,0.01312,3.6132e-06,0.97656
560,0.0001,0.02507,5.8508e-06,0.97489
564,0.0001,0.019981,9.3712e-07,0.98113
568,0.0001,0.017408,3.1145e-06,0.98386
572,0.0001,0.0090507,0,0.98605
576,0.0001,0.016356,1.7342e-07,0.99152
580,0.0001,0.00087916,2.3014e-06,0.99634
584,0.0001,0.052595,8.7272e-06,0.9951
588,0.0001,0.022721,0,0.99958
592,0.0001,0.017522,1.5743e-06,0.98722
596,0.0001,0.012689,6.0805e-07,0.98676
600,0.0001,0.040101,2.4393e-06,0.98989
604,0.0001,0.056772,1.583e-05,0.99287
608,0.0001,0.032582,4.7372e-06,0.99556
612,0.0001,0.0045508,2.6746e-06,0.99974
616,0.0001,0.018369,1.2992e-06,0.98493
620,0.0001,0.022059,0,0.97312
624,0.0001,0.0020613,1.0858e-06,0.99618
628,0.0001,0.06541,1.2096e-05,0.98575
632,0.0001,0.036734,1.6901e-08,0.98626
636,0.0001,0.0020869,1.6845e-06,0.98499
640,0.0001,0.018336,1.7276e-06,0.98861
644,0.0001,0.047107,2.4192e-06,0.97086
648,0.0001,0.04018,6.4556e-06,0.99749
652,0.0001,0.018608,4.0782e-07,0.99378
656,0.0001,0.0104,9.3227e-07,0.95199
660,0.0001,0.036819,2.1715e-06,0.96022
664,0.0001,0.055161,5.7669e-06,0.99767
668,0.0001,0.03466,9.7658e-07,0.99583
672,0.0001,0.041525,1.6441e-06,0.99674
676,0.0001,0.057885,0.00011816,0.98699
680,0.0001,0.052576,1.3899e-05,0.97414
684,0.0001,0.080346,9.8487e-05,0.96886
688,0.0001,0.070898,2.2433e-06,0.99721
692,0.0001,0.066667,0.00022402,0.9876
696,0.0001,0.037506,1.9316e-06,0.99651
700,0.0001,0.010177,2.2723e-06,0.98425
704,0.0001,0.006012,1.5741e-06,0.99854
708,0.0001,0.010262,3.1716e-07,0.989
712,0.0001,0.012348,3.0502e-06,0.98128
716,0.0001,0.0048558,2.6766e-06,0.9952
720,0.0001,0.018491,1.8675e-06,0.99066
724,0.0001,0.016581,0,0.98501
728,0.0001,0.0023273,7.7538e-07,0.96158
732,0.0001,0.011801,6.7803e-07,0.96827
736,0.0001,0.0015628,4.3308e-07,0.99599
740,0.0001,0.037963,5.6043e-06,0.9998
744,0.0001,0.0090117,2.5278e-07,0.9815
748,0.0001,0.042989,1.4389e-06,0.97757
752,0.0001,0.0012764,4.4961e-07,0.99568
756,0.0001,0.0085229,8.9646e-07,0.99363
760,0.0001,0.049252,2.9716e-05,0.9977
764,0.0001,0.059618,4.4413e-06,0.98878
768,0.0001,0.067676,0.00014752,0.98199
772,0.0001,0.064934,3.4254e-05,0.9605
776,0.0001,0.066743,9.9938e-06,0.99592
780,0.0001,0.051572,1.5149e-05,0.99362
784,0.0001,0.07789,4.054e-05,0.98208
788,0.0001,0.02961,3.751e-06,0.97224
792,0.0001,0.025944,9.4452e-07,0.97863
796,0.0001,0.039532,1.1208e-06,0.99573
800,0.0001,0.057789,1.4336e-05,0.97711
804,0.0001,0.049793,6.8033e-06,0.99695
808,0.0001,0.050819,3.182e-06,0.99649
812,0.0001,0.021976,3.4963e-07,0.99249
816,0.0001,0.040766,2.2744e-06,0.97645
820,0.0001,0.017489,2.5302e-07,0.99327
824,0.0001,0.0090986,2.0995e-06,0.98024
828,0.0001,0.06179,0,0.99587
832,0.0001,0.034481,2.4276e-06,0.99449
836,0.0001,0.043219,9.6191e-06,0.97349
840,0.0001,0.060635,8.1066e-06,0.97803
844,0.0001,0.011397,2.6891e-07,0.97048
848,0.0001,0.029037,1.36e-06,0.99184
852,0.0001,0.0046019,1.5372e-06,0.97312
856,0.0001,0.029032,2.7397e-06,1
860,0.0001,0.043809,9.3143e-06,0.98748
864,0.0001,0.032925,7.0413e-06,0.97245
868,0.0001,0.024878,2.7365e-06,0.99421
872,0.0001,0.030417,4.4107e-06,0.9727
876,0.0001,0.048063,5.0731e-05,0.99488
880,0.0001,0.05447,2.648e-05,0.9862
884,0.0001,0.024226,2.0824e-06,0.99717
888,0.0001,0.060802,5.5576e-06,0.98418
892,0.0001,0.031368,1.4206e-06,0.99468
896,0.0001,0.0083946,2.0836e-06,0.97143
900,0.0001,0.0012441,4.9145e-07,0.99426
904,0.0001,0.039239,4.4989e-06,1
908,0.0001,0.010675,2.05e-06,0.9989
912,0.0001,0.01624,3.1881e-06,0.99689
916,0.0001,0.059544,1.4032e-05,0.99883
920,0.0001,0.037052,3.1779e-06,0.95559
924,0.0001,0.033774,6.5053e-07,0.97618
928,0.0001,0.049665,2.3116e-06,0.99603
932,0.0001,0.026271,8.2708e-07,0.99104
936,0.0001,0.047706,5.688e-06,0.98425
940,0.0001,0.02802,1.5261e-06,0.99853
944,0.0001,0.0064626,1.11e-06,0.99497
948,0.0001,0.045967,0,0.98821
952,0.0001,0.015896,2.1587e-06,0.9928
956,0.0001,0.0097882,1.4743e-06,0.99515
960,0.0001,0.014071,2.1366e-06,0.97784
964,0.0001,0.044367,4.9915e-06,0.98093
968,0.0001,0.067467,0.00038039,0.99141
972,0.0001,0.0070003,2.5129e-06,0.97557
976,0.0001,0.028309,1.284e-06,0.9808
980,0.0001,0.024181,1.2573e-06,0.99604
984,0.0001,0.021837,5.1611e-06,0.98752
988,0.0001,0.0084083,0,0.99164
992,0.0001,0.00075962,1.5194e-06,0.97899
996,0.0001,0.04941,5.9197e-06,0.99827
1000,0.0001,0.023138,1.4521e-06,0.99494
1004,0.0001,0.033496,7.2843e-06,0.96972
1008,0.0001,0.048754,2.7225e-06,0.9882
1012,0.0001,0.058185,8.7746e-05,0.99592
1016,0.0001,0.05008,4.5553e-06,0.99209
1020,0.0001,0.062846,0.0021241,0.99863
1024,0.0001,0.050524,8.1824e-07,0.99581
1028,0.0001,0.040931,0,0.98042
1032,0.0001,0.048335,3.5022e-06,0.97741
1036,0.0001,0.0091873,0,1
1040,0.0001,0.014385,8.7444e-07,0.99765
1044,0.0001,0.065454,2.2404e-05,0.99171
1048,0.0001,0.023299,2.0782e-06,0.99951
1052,0.0001,0.0010686,7.5708e-07,0.98351
1056,0.0001,0.047201,2.756e-06,0.98192
1060,0.0001,0.059873,0.00028857,0.99814
1064,0.0001,0.047968,1.1559e-06,0.99533
1068,0.0001,0.062829,7.0431e-07,0.97669
1072,0.0001,0.0058775,4.1196e-08,0.9852
1076,0.0001,0.055539,1.0851e-06,0.99887
1080,0.0001,0.075156,1.2456e-05,0.97721
1084,0.0001,0.016323,1.8408e-06,0.99054
1088,0.0001,0.0011487,8.5046e-07,0.99588
1092,0.0001,0.0059374,1.9433e-06,0.98822
1096,0.0001,0.019945,0,0.99883
1100,0.0001,0.01807,1.6832e-06,0.99813
1104,0.0001,0.018935,1.9969e-06,0.98106
1108,0.0001,0.0033774,0,0.97991
1112,0.0001,0.049259,8.0938e-06,0.997
1116,0.0001,0.026168,1.8901e-06,0.99856
1120,0.0001,0.0076139,3.4779e-06,0.98196
1124,0.0001,0.024416,1.4488e-06,0.99614
1128,0.0001,0.017747,0,0.99941
1132,0.0001,0.018823,1.5392e-06,0.99694
1136,0.0001,0.0081501,1.0907e-06,0.99075
1140,0.0001,0.051578,4.0472e-06,0.98341
1144,0.0001,0.0421,1.6149e-06,0.98494
1148,0.0001,0.022354,6.4614e-07,0.98808
1152,0.0001,0.02027,0,0.98366
1156,0.0001,0.024076,1.1887e-06,0.99406
1160,0.0001,0.017509,1.5451e-06,0.99245
1164,0.0001,0.033727,5.1684e-06,0.99774
1168,0.0001,0.010506,1.3152e-06,0.96644
1172,0.0001,0.03058,4.8284e-06,0.94011
1176,0.0001,0.037696,3.1694e-07,0.99343
1180,0.0001,0.032979,2.8267e-07,0.99065
1184,0.0001,0.028341,2.4872e-06,0.99333
1188,0.0001,0.00069514,0,0.98239
1192,0.0001,0.015296,3.4261e-06,1
1196,0.0001,0.042386,2.5118e-06,0.98466
1200,0.0001,0.0047724,7.5893e-07,0.98232
1204,0.0001,0,6.3245e-07,0.98522
1208,0.0001,0.011624,1.8741e-06,0.99134
1212,0.0001,0.014245,1.3922e-06,0.9853
1216,0.0001,0.068321,2.8532e-05,1
1220,0.0001,0.069925,1.114e-05,0.9982
1224,0.0001,0.042103,4.1305e-06,0.99945
1228,0.0001,0.014571,1.8988e-07,0.98343
1232,0.0001,0.018787,1.2473e-06,0.99363
1236,0.0001,0.014116,2.771e-06,0.98315
1240,0.0001,0.068536,7.1721e-06,0.99781
1244,0.0001,0.04478,4.081e-06,0.96554
1248,0.0001,0.057905,0.00013226,0.98457
1252,0.0001,0.060373,4.0666e-06,0.98472
1256,0.0001,0.030525,6.3968e-07,0.99796
1260,0.0001,0.056157,2.739e-06,0.96165
1264,0.0001,0.034385,1.1454e-06,0.97259
1268,0.0001,0.055589,2.2395e-06,0.99871
1272,0.0001,0.065348,0.00029228,0.99985
1276,0.0001,0.031859,1.2067e-06,0.9937
1280,0.0001,0.018026,7.2436e-07,0.99993
1284,0.0001,0.048134,4.4552e-06,0.99923
1288,0.0001,0.015207,3.0426e-07,0.99733
1292,0.0001,0.051133,1.1575e-05,0.99732
1296,0.0001,0.046688,2.5691e-06,0.98311
1300,0.0001,0.060524,7.3039e-06,0.95706
1304,0.0001,0.035923,1.6933e-06,0.98229
1308,0.0001,0.060413,7.6882e-06,0.98798
1312,0.0001,0.027102,1.4411e-06,0.97516
1316,0.0001,0.059354,0.0018352,0.98655
1320,0.0001,0.011262,4.4587e-06,0.99956
1324,0.0001,0.020702,0,0.99066
1328,0.0001,0.015856,2.5585e-06,0.99133
1332,0.0001,0.01842,1.3484e-06,0.98614
1336,0.0001,0.0012044,2.644e-06,0.96966
1340,0.0001,0.050871,4.8714e-07,0.97957
1344,0.0001,0.050262,4.6566e-07,0.98593
1348,0.0001,0.03335,6.204e-07,0.98023
1352,0.0001,0.017071,2.055e-06,0.99418
1356,0.0001,0.055462,3.1704e-06,0.98764
1360,0.0001,0.040256,1.8695e-06,0.98392
1364,0.0001,0.063318,8.5112e-06,0.99019
1368,0.0001,0.0086858,2.3334e-06,0.9836
1372,0.0001,0.015895,3.5331e-06,0.9795
1376,0.0001,0.029441,5.5444e-07,0.99245
1380,0.0001,0.015971,3.1939e-06,0.99268
1384,0.0001,0.017328,5.0982e-07,0.97825
1388,0.0001,0.019584,6.376e-07,0.99348
1392,0.0001,0.038827,3.5402e-06,0.97939
1396,0.0001,0.066812,6.4627e-06,0.99686
1400,0.0001,0.047636,2.7149e-06,0.98403
1404,0.0001,0.056142,6.0909e-06,0.99137
1408,0.0001,0.079132,0.00028219,0.99712
1412,0.0001,0.058348,3.489e-06,0.99528
1416,0.0001,0.018417,3.0802e-06,0.96924
1420,0.0001,0.0031517,1.5472e-07,1
1424,0.0001,0.023284,0,0.99899
1428,0.0001,0.023288,8.4618e-07,0.97309
1432,0.0001,0.03106,2.6119e-07,0.99502
1436,0.0001,0.017252,4.3392e-06,0.99761
1440,0.0001,0.0048993,9.311e-07,0.98432
1444,0.0001,0.013484,1.1676e-06,0.98835
1448,0.0001,0.014937,1.6063e-06,0.98728
1452,0.0001,0.02727,4.0236e-06,0.99935
1456,0.0001,0.045862,3.6927e-06,0.98321
1460,0.0001,0.0026362,2.1921e-08,0.97018
1464,0.0001,0.010103,1.3161e-06,0.98688
1468,0.0001,0.049972,4.8629e-06,0.98962
1472,0.0001,0.064466,2.2295e-06,0.98408
1476,0.0001,0.020259,2.0278e-06,0.96763
1480,0.0001,0.035717,6.6235e-07,0.98647
1484,0.0001,0.015004,1.9321e-06,0.99984
1488,0.0001,0.022337,2.9408e-06,0.99808
1492,0.0001,0.023103,1.6346e-07,0.99111
1496,0.0001,0.0080908,1.358e-06,0.99797
1500,0.0001,0.051204,1.3212e-06,0.99064
1504,0.0001,0.075143,0.00082435,0.9678
1508,0.0001,0.019669,0,0.99109
1512,0.0001,0.029849,1.6131e-06,0.99077
1516,0.0001,0.042706,5.0914e-07,0.96073
1520,0.0001,0.030724,2.0817e-06,0.99893
1524,0.0001,0.035018,1.0702e-06,0.97943
1528,0.0001,0.048434,1.9178e-06,0.99913
1532,0.0001,0.061483,1.4336e-06,0.94324
1536,0.0001,0.042568,1.2821e-06,0.96836
1540,0.0001,0.073394,4.7701e-05,0.99009
1544,0.0001,0.0094124,1.1334e-06,0.99097
1548,0.0001,0.0078032,2.9769e-06,0.99567
1552,0.0001,0.0054555,3.8202e-06,0.97476
1556,0.0001,0.030971,2.1526e-06,0.9944
1560,0.0001,0.0017316,5.5391e-07,0.99685
1564,0.0001,0.011478,8.2915e-07,0.97181
1568,0.0001,0.037054,3.2056e-06,0.98315
1572,0.0001,0.022287,2.611e-07,0.99517
1576,0.0001,0.051973,5.3034e-06,0.99612
1580,0.0001,0.018054,2.5943e-06,0.9804
1584,0.0001,0.019364,1.4163e-06,0.99229
1588,0.0001,0.035911,2.3555e-06,0.98595
1592,0.0001,0.033448,4.853e-06,1
1596,0.0001,0.041683,7.9088e-06,0.98445
1600,0.0001,0.00047945,4.0576e-06,0.99248
1604,0.0001,0.013346,2.8856e-06,0.98015
1608,0.0001,0.05391,4.2324e-08,0.99848
1612,0.0001,0.06634,8.8288e-06,0.99155
1616,0.0001,0.04559,2.2043e-06,0.97834
1620,0.0001,0.014443,0,0.99381
1624,0.0001,0.0073199,1.7244e-06,0.98459
1628,0.0001,0.042988,7.1983e-07,0.98357
1632,0.0001,0.077365,7.3134e-05,0.98922
1636,0.0001,0.023533,5.5255e-07,0.99785
1640,0.0001,0.039056,2.6133e-06,0.97078
1644,0.0001,0.033256,4.1679e-06,0.99625
1648,0.0001,0.015778,0,0.98859
1652,0.0001,0.015363,1.6447e-06,0.99291
1656,0.0001,0.041888,2.4228e-07,0.97675
1660,0.0001,0.058655,8.3931e-06,0.9849
1664,0.0001,0.054757,5.2575e-06,0.99379
1668,0.0001,0.0099403,9.8426e-09,0.99193
1672,0.0001,0.0018391,1.2961e-06,0.97957
1676,0.0001,0.019205,0,0.98882
1680,0.0001,0.031081,1.7818e-06,0.99495
1684,0.0001,0.014165,5.2687e-06,0.99156
1688,0.0001,0.018918,6.7349e-06,0.98695
1692,0.0001,0.037581,7.418e-06,0.99668
1696,0.0001,0.07084,0.00058506,0.99599
1700,0.0001,0.040164,1.0556e-06,0.99338
1704,0.0001,0.081001,0.00015332,0.99219
1708,0.0001,0.042316,2.8797e-06,0.97139
1712,0.0001,0.03193,1.6128e-06,0.96366
1716,0.0001,0.00065772,1.9708e-07,0.9904
1720,0.0001,0.042732,2.8632e-06,0.96758
1724,0.0001,0.075128,4.0944e-05,0.95412
1728,0.0001,0.060689,0.00023968,0.99861
1732,0.0001,0.0020945,1.5891e-06,0.99201
1736,0.0001,0.00087754,0,0.97667
1740,0.0001,0.014251,1.6751e-06,0.98392
1744,0.0001,0.049156,1.6819e-06,0.99053
1748,0.0001,0.059296,1.1754e-06,0.98958
1752,0.0001,0.007379,2.9329e-06,0.99369
1756,0.0001,0.038356,9.6162e-07,0.98952
1760,0.0001,0.02057,7.9305e-07,0.99933
1764,0.0001,0.02094,1.7183e-06,0.99308
1768,0.0001,0.044916,5.7025e-06,0.97979
1772,0.0001,0.030452,0.00022918,0.98664
1776,0.0001,0.078519,0.00018032,0.98419
1780,0.0001,0.049961,4.5377e-06,0.98158
1784,0.0001,0.049104,1.7273e-06,0.99137
1788,0.0001,0.061769,2.0864e-05,0.98625
1792,0.0001,0.045107,1.1774e-05,0.99808
1796,0.0001,0.048811,3.1326e-06,0.99183
1800,0.0001,0.021386,5.2125e-06,0.9887
1804,0.0001,0.0085022,3.3796e-06,0.99034
1808,0.0001,0.051767,2.4315e-06,0.99516
1812,0.0001,0.071825,0.00044378,0.99351
1816,0.0001,0.041411,2.757e-06,0.9953
1820,0.0001,0.085546,0.00055774,0.99101
1824,0.0001,0.03352,1.3475e-06,0.99456
1828,0.0001,0.019957,5.791e-06,0.99916
1832,0.0001,0.016106,0,0.9855
1836,0.0001,0.0012021,1.2243e-07,0.98017
1840,0.0001,0.02435,1.684e-06,0.9789
1844,0.0001,0.013371,1.4607e-06,0.98929
1848,0.0001,0.0016795,0,0.98242
1852,0.0001,0.034874,3.4697e-06,0.9937
1856,0.0001,0.0025938,1.3022e-06,0.99075
1860,0.0001,0.020931,9.1461e-08,1
1864,0.0001,0.048038,9.8459e-07,0.98247
1868,0.0001,0.063962,1.2825e-05,1
1872,0.0001,0.081148,5.0237e-05,0.9895
1876,0.0001,0.038248,2.5318e-07,0.98847
1880,0.0001,0.056482,2.7983e-06,0.97273
1884,0.0001,0.069692,0.00077594,0.98381
1888,0.0001,0.028006,2.3385e-06,0.99359
1892,0.0001,0.02843,8.8274e-07,0.99397
1896,0.0001,0.024322,1.3895e-06,0.98049
1900,0.0001,0.032516,3.7819e-06,0.96856
1904,0.0001,0.067245,1.7451e-05,0.99467
1908,0.0001,0.023027,1.5048e-06,0.99955
1912,0.0001,0.0045999,5.1333e-07,0.99403
1916,0.0001,0.0026665,0,0.98227
1920,0.0001,0.021783,3.2071e-06,0.99926
1924,0.0001,0.0094321,3.7081e-06,0.98881
1928,0.0001,0.026035,3.9102e-06,0.9892
1932,0.0001,0.0071338,1.0356e-06,0.99772
1936,0.0001,0.03596,3.3604e-06,0.98433
1940,0.0001,0.03974,7.9782e-07,0.99865
1944,0.0001,0.0097244,2.4899e-06,0.99437
1948,0.0001,0.0073601,0,0.9881
1952,0.0001,0.032489,1.1215e-06,0.99651
1956,0.0001,0.070968,4.0448e-05,0.97935
1960,0.0001,0.056462,1.787e-06,1
1964,0.0001,0.033229,4.6686e-06,0.97883
1968,0.0001,0.028657,1.4579e-06,0.98985
1972,0.0001,0.019206,2.2705e-06,0.97348
1976,0.0001,0.052669,4.7456e-06,0.98764
1980,0.0001,0.040452,2.15e-06,0.99311
1984,0.0001,0.0036232,0,0.99154
1988,0.0001,0.021825,3.7937e-07,0.98682
1992,0.0001,0.0015319,3.9433e-07,0.99289
1996,0.0001,0.030063,2.1443e-06,0.98348
2000,0.0001,0.0608,3.0244e-06,0.99872
2004,0.0001,0.024696,5.3185e-06,0.99885
2008,0.0001,0.042451,4.7046e-07,0.98275
2012,0.0001,0.053093,0.00049928,0.99659
2016,0.0001,0.043059,3.2423e-06,0.99669
2020,0.0001,0.069145,1.2281e-05,0.98158
2024,0.0001,0.035056,1.5913e-06,0.98996
2028,0.0001,0.006399,5.2837e-06,0.98251
2032,0.0001,0.016022,5.8762e-07,1
2036,0.0001,0.020445,1.5294e-06,0.99135
2040,0.0001,0.011622,0,0.98982
2044,0.0001,0.021885,3.7194e-06,0.99226
2048,0.0001,0,0,0.99955
2052,0.0001,0.054995,1.5383e-05,0.9978
2056,0.0001,0.035976,1.295e-06,0.99808
2060,0.0001,0.033111,6.8944e-06,0.99905
2064,0.0001,0.03169,1.2816e-06,0.99162
2068,0.0001,0.0084511,5.1e-07,0.95956
2072,0.0001,0.0086823,8.1686e-07,0.99995
2076,0.0001,0.046677,5.0189e-06,0.98547
2080,0.0001,0.045358,2.727e-06,0.98139
2084,0.0001,0.045829,4.6791e-06,0.99497
2088,0.0001,0.067315,4.9551e-05,0.97683
2092,0.0001,0.077284,6.7763e-07,0.99843
2096,0.0001,0.027258,1.3334e-06,0.99951
2100,0.0001,0.042026,7.2012e-06,0.98662
2104,0.0001,0.024458,1.2317e-06,0.97557
2108,0.0001,0.041133,3.0096e-06,0.99709
2112,0.0001,0.023852,1.8289e-06,0.97699
2116,0.0001,0.047849,1.1209e-06,0.98497
2120,0.0001,0.031771,2.4736e-06,0.99411
2124,0.0001,0.025119,1.1413e-06,0.99987
2128,0.0001,0.020092,3.8712e-06,0.98382
2132,0.0001,0.056189,1.9837e-06,0.99895
2136,0.0001,0.055893,5.8388e-06,0.97153
2140,0.0001,0.040086,5.6403e-06,0.99017
2144,0.0001,0.065489,1.2067e-05,0.99627
2148,0.0001,0.011424,9.1233e-08,0.99368
2152,0.0001,0.008662,9.2476e-07,0.99547
2156,0.0001,0.025563,1.0619e-06,0.98697
2160,0.0001,0.013773,3.436e-06,0.99617
2164,0.0001,0.040663,0,0.98684
2168,0.0001,0.064046,0.0004079,0.98313
2172,0.0001,0.068926,2.4337e-05,0.97929
2176,0.0001,0.054847,1.1954e-05,0.98352
2180,0.0001,0.071666,2.6113e-05,0.99706
2184,0.0001,0.0040107,6.1981e-07,0.9916
2188,0.0001,0.024899,2.3113e-07,0.99054
2192,0.0001,0.014368,0,0.99743
2196,0.0001,0.061886,2.6877e-06,0.98142
2200,0.0001,0.039684,4.5073e-07,0.97645
2204,0.0001,0.060413,0.00029324,0.99744
2208,0.0001,0.050564,2.4645e-06,0.99909
2212,0.0001,0.035986,1.9844e-06,0.98136
2216,0.0001,0.0094663,3.2686e-06,0.98938
2220,0.0001,0.00049997,2.2851e-06,0.9892
2224,0.0001,0.025942,3.1655e-06,0.98803
2228,0.0001,0.013326,1.5955e-06,0.98767
2232,0.0001,0.0045761,1.2742e-07,0.96966
2236,0.0001,0.028145,1.5553e-08,0.97179
2240,0.0001,0.04347,1.6352e-06,0.9726
2244,0.0001,0.02696,3.8985e-07,0.98842
2248,0.0001,0.048313,1.0809e-06,0.99795
2252,0.0001,0.082373,0.00025107,0.99836
2256,0.0001,0.035048,3.5143e-06,0.99007
2260,0.0001,0.0041711,0,0.97778
2264,0.0001,0.0050004,1.3566e-06,0.98648
2268,0.0001,0.046615,3.7358e-06,0.98072
2272,0.0001,0.015243,1.8818e-06,0.9632
2276,0.0001,0.0045397,7.5538e-07,0.98915
2280,0.0001,0.053958,8.2331e-07,0.97132
2284,0.0001,0.0027486,2.6885e-07,0.96953
2288,0.0001,0.037784,1.3471e-06,0.97749
2292,0.0001,0.0028558,1.2771e-08,0.99024
2296,0.0001,0.0045897,4.8076e-06,0.99727
2300,0.0001,0.041086,3.2866e-06,0.97664
2304,0.0001,0.025792,2.0692e-06,0.98889
2308,0.0001,0.066361,1.5859e-06,0.99621
2312,0.0001,0.02485,1.8585e-07,0.99738
2316,0.0001,0.025371,2.9408e-06,0.99066
2320,0.0001,0.051878,6.9566e-06,0.98396
2324,0.0001,0.045958,5.5916e-07,0.98846
2328,0.0001,0.055043,8.4244e-06,0.99881
2332,0.0001,0.047205,3.4639e-06,0.96576
2336,0.0001,0.023932,2.9624e-06,0.98718
2340,0.0001,0.0023153,2.7159e-07,0.98174
2344,0.0001,0.015079,2.9862e-06,0.99729
2348,0.0001,0.022075,2.7811e-07,0.98999
2352,0.0001,0.053344,7.0319e-06,0.97451
2356,0.0001,0.055806,0.0012457,0.9739
2360,0.0001,0.072287,0.0010105,0.98922
2364,0.0001,0.041553,3.8099e-05,0.99082
2368,0.0001,0.050204,3.6435e-07,0.99148
2372,0.0001,0.046916,4.6704e-06,0.99801
2376,0.0001,0.053,0,0.97399
2380,0.0001,0.070005,5.6936e-06,0.97998
2384,0.0001,0.056009,2.1112e-05,0.9866
2388,0.0001,0.031284,2.5889e-06,0.98985
2392,0.0001,0.032634,3.044e-06,0.99936
2396,0.0001,0.0090478,4.6872e-06,0.98585
2400,0.0001,0.044329,3.1536e-06,0.98646
2404,0.0001,0.0032859,2.5645e-06,0.99626
2408,0.0001,0.020776,0,0.97598
2412,0.0001,0.036138,1.2664e-05,0.99799
2416,0.0001,0.02474,2.4983e-07,0.97497
2420,0.0001,0.0029756,3.4502e-06,0.97629
2424,0.0001,0.008378,2.1813e-06,0.99768
2428,0.0001,0.061479,8.1296e-06,0.97782
2432,0.0001,0.057756,4.1706e-05,0.99484
2436,0.0001,0.010814,2.28e-06,0.99089
2440,0.0001,0.0029057,3.6131e-07,0.95992
2444,0.0001,0.010534,2.6458e-07,0.9828
2448,0.0001,0.0096828,1.1712e-06,0.98984
2452,0.0001,0.035258,3.0734e-06,0.99293
2456,0.0001,0.052304,2.3032e-06,0.98135
2460,0.0001,0.06472,3.7446e-06,0.99874
2464,0.0001,0.049061,3.6381e-07,0.99163
2468,0.0001,0.065689,0.00012062,0.98888
2472,0.0001,0.058501,0.00087299,0.98931
2476,0.0001,0.050109,2.0144e-06,0.97894
2480,0.0001,0.064974,0.00038796,0.99197
2484,0.0001,0.060896,3.2208e-06,0.99117
2488,0.0001,0.064473,5.1645e-05,0.99104
2492,0.0001,0.029873,6.3465e-07,0.97888
2496,0.0001,0.00308,3.4759e-06,0.96462
2500,0.0001,0.010437,2.8847e-06,0.99769
2504,0.0001,0.031447,6.0835e-06,0.99294
2508,0.0001,0.026119,4.1467e-06,0.98132
2512,0.0001,0.0014312,1.4751e-06,0.98011
2516,0.0001,0.060611,1.5153e-05,0.9914
2520,0.0001,0.041662,5.6714e-09,0.99141
2524,0.0001,0.033138,4.2912e-07,0.98637
2528,0.0001,0.0098926,1.7517e-06,0.97586
2532,0.0001,0.032119,0,0.97711
2536,0.0001,0.049236,1.9473e-07,0.98402
2540,0.0001,0.028381,4.0881e-06,0.98728
2544,0.0001,0.036434,5.6386e-07,0.98121
2548,0.0001,0.053134,2.6193e-05,0.9636
2552,0.0001,0.037617,3.1087e-06,0.96285
2556,0.0001,0.04433,4.2534e-06,0.98819
2560,0.0001,0.069966,7.9113e-05,0.99652
2564,0.0001,0.019601,8.5096e-07,0.97026
2568,0.0001,0.002145,0,0.99714
2572,0.0001,0.0078838,0,0.99221
2576,0.0001,0.04226,4.0278e-06,0.99463
2580,0.0001,0.0083072,2.4219e-06,0.99687
2584,0.0001,0.017225,6.1291e-07,0.99676
2588,0.0001,0.056614,9.7852e-07,0.9791
2592,0.0001,0.037208,1.2172e-06,0.99334
2596,0.0001,0.058873,1.3553e-05,0.9991
2600,0.0001,0.047815,2.0796e-05,0.99633
2604,0.0001,0.038037,1.3737e-06,0.99808
2608,0.0001,0.087465,9.5202e-05,0.99959
2612,0.0001,0.0073022,1.6845e-08,0.99391
2616,0.0001,0.036467,3.0805e-06,0.99875
2620,0.0001,0.047347,5.412e-06,0.99978
2624,0.0001,0.054019,2.6849e-05,0.99946
2628,0.0001,0.0037601,2.5502e-07,0.9956
2632,0.0001,0.033571,4.6522e-06,0.99369
2636,0.0001,0.014033,3.8389e-06,0.98024
2640,0.0001,0.029515,4.3264e-06,0.99804
2644,0.0001,0.016573,2.3085e-07,0.98683
2648,0.0001,0.034577,5.6115e-06,0.98537
2652,0.0001,0.035555,1.002e-06,0.98193
2656,0.0001,0.038221,8.9304e-07,0.99067
2660,0.0001,0.051454,0.00012551,0.98775
2664,0.0001,0.013459,5.9e-07,0.95154
2668,0.0001,0.012951,7.181e-07,0.97993
2672,0.0001,0.025697,2.5579e-07,0.9934
2676,0.0001,0.028729,4.7161e-06,0.9821
2680,0.0001,0.042212,2.5829e-06,0.98969
2684,0.0001,0.038386,3.5562e-07,0.987
2688,0.0001,0.041307,0,0.93221
2692,0.0001,0.075565,0.00049641,0.98754
2696,0.0001,0.061563,1.0692e-05,0.98235
2700,0.0001,0.01589,5.2472e-07,0.9957
2704,0.0001,0.028788,1.4426e-06,0.98519
2708,0.0001,0.02111,1.039e-06,0.97905
2712,0.0001,0.0057514,1.5703e-06,0.99358
2716,0.0001,0.007002,2.6907e-06,0.98583
2720,0.0001,0.00078346,0,0.97182
2724,0.0001,0.036438,2.7301e-06,0.99742
2728,0.0001,0.03256,0,0.98748
2732,0.0001,0.052617,8.7653e-06,0.98035
2736,0.0001,0.018484,2.0697e-06,0.95935
2740,0.0001,0.022217,0,0.98379
2744,0.0001,0.057385,3.4788e-07,0.96203
2748,0.0001,0.049502,7.3168e-06,0.99098
2752,0.0001,0.042482,2.8002e-07,0.96187
2756,0.0001,0.036743,6.7493e-07,0.99466
2760,0.0001,0.019777,1.3421e-06,0.99887
2764,0.0001,0.011471,5.7032e-07,0.97885
2768,0.0001,0.06716,0.0013596,0.99839
2772,0.0001,0.0018054,8.8587e-07,0.98071
2776,0.0001,0.067502,3.5856e-05,0.9822
2780,0.0001,0.076893,0.002307,0.98585
2784,0.0001,0.054741,5.1664e-06,0.9873
2788,0.0001,0.033376,3.1845e-06,0.98985
2792,0.0001,0.038774,7.1394e-06,0.99649
2796,0.0001,0.029381,1.3588e-06,0.99209
2800,0.0001,0.024811,1.4947e-06,0.97203
2804,0.0001,0.0072818,1.435e-06,0.99485
2808,0.0001,0.0066461,2.4011e-06,0.99849
2812,0.0001,0.0052941,5.9403e-08,0.99808
2816,0.0001,0.0035534,3.0954e-06,0.98518
2820,0.0001,0.015217,1.731e-06,0.99936
2824,0.0001,0.037036,1.5028e-06,0.98147
2828,0.0001,0.073821,0.00014073,0.99306
2832,0.0001,0.037643,1.1411e-06,0.97863
2836,0.0001,0.037378,2.8124e-06,0.99812
2840,0.0001,0.03386,3.0307e-06,0.99216
2844,0.0001,0.038306,2.1198e-06,0.99165
2848,0.0001,0.014974,2.9787e-06,0.98956
2852,0.0001,0.064062,0.00012478,0.98152
2856,0.0001,0.06589,5.2925e-06,0.98645
2860,0.0001,0.0035089,2.9923e-06,0.99633
2864,0.0001,0.0062031,4.5057e-07,0.99168
2868,0.0001,0.058415,1.618e-06,0.99231
2872,0.0001,0.0015347,1.1412e-06,0.99346
2876,0.0001,0.028573,6.3098e-07,0.98543
2880,0.0001,0.018486,1.7899e-06,0.97355
2884,0.0001,0.01638,3.6429e-06,0.99844
2888,0.0001,0.04463,5.2844e-06,0.99066
2892,0.0001,0,1.9927e-06,0.97686
2896,0.0001,0.02205,4.9974e-06,0.96822
2900,0.0001,0.013333,9.7756e-07,0.99171
2904,0.0001,0.058368,6.4381e-06,0.98677
2908,0.0001,0.029222,3.2296e-07,0.97447
2912,0.0001,0.063426,0.00015502,0.99358
2916,0.0001,0.049391,0.00034987,0.99282
2920,0.0001,0.039757,1.6484e-06,0.99877
2924,0.0001,0.060834,1.8341e-05,0.9944
2928,0.0001,0.02799,3.7886e-08,0.97826
2932,0.0001,0.030962,2.9367e-06,0.97956
2936,0.0001,0.042202,5.6688e-06,0.99803
2940,0.0001,0.053303,6.3804e-06,0.98793
2944,0.0001,0.067059,0.00029506,0.99556
2948,0.0001,0.027915,3.6617e-07,0.99928
2952,0.0001,0.0016763,0,0.96272
2956,0.0001,0.030953,1.8746e-06,0.98235
2960,0.0001,0.010986,6.439e-08,0.99705
2964,0.0001,0.034932,2.2992e-06,0.99106
2968,0.0001,0.020458,2.9431e-07,0.99658
2972,0.0001,0.064913,2.132e-07,0.99941
2976,0.0001,0.043631,1.9486e-06,0.99621
2980,0.0001,0.082915,8.119e-05,0.99415
2984,0.0001,0.031997,1.956e-06,0.99359
2988,0.0001,0.034379,2.6749e-06,0.9886
2992,0.0001,0.0081101,4.7664e-07,0.98153
2996,0.0001,0.011792,2.2206e-06,0.97767
3000,0.0001,0.015976,6.1092e-07,0.98308
3004,0.0001,0.0025431,1.717e-06,0.99523
3008,0.0001,0.024911,5.715e-06,0.99862
3012,0.0001,0.02085,2.0617e-06,0.98609
3016,0.0001,0.019551,1.2477e-06,0.99951
3020,0.0001,0.039054,2.5938e-06,0.99196
3024,0.0001,0.055058,6.4931e-05,0.99352
3028,0.0001,0.058775,1.1861e-05,0.99596
3032,0.0001,0.035555,7.6737e-07,0.99381
3036,0.0001,0.037925,0,0.95541
3040,0.0001,0.043697,1.4727e-06,0.96062
3044,0.0001,0.065088,2.3653e-06,0.99281
3048,0.0001,0.015559,3.3233e-07,0.9991
3052,0.0001,0,2.2753e-06,0.99637
3056,0.0001,0.0085739,7.0383e-07,0.99295
3060,0.0001,0.050718,1.8461e-06,0.99044
3064,0.0001,0.051374,3.3601e-06,0.9828
3068,0.0001,0.048166,9.5759e-06,0.99721
3072,0.0001,0.032361,5.4955e-07,0.98838
3076,0.0001,0.025633,4.4284e-06,0.98886
3080,0.0001,0.008139,3.5035e-06,0.99262
3084,0.0001,0.016816,1.8523e-06,0.99409
3088,0.0001,0.040378,3.1622e-07,0.98337
3092,0.0001,0.036462,1.0942e-06,0.9836
3096,0.0001,0.0013559,3.1958e-06,0.97695
3100,0.0001,0.011334,9.023e-07,0.97951
3104,0.0001,0.033008,1.134e-06,0.9934
3108,0.0001,0.023658,3.3349e-06,0.98722
3112,0.0001,0.042116,8.1544e-06,0.98708
3116,0.0001,0.0085813,1.3473e-06,0.97035
3120,0.0001,0.016631,4.4906e-06,0.98679
3124,0.0001,0.023737,1.2567e-06,0.99277
3128,0.0001,0.031562,0,0.99203
3132,0.0001,0.010645,1.2373e-06,0.98848
3136,0.0001,0.050923,9.1319e-08,1
3140,0.0001,0.019096,5.4439e-07,0.98069
3144,0.0001,0.017242,2.5032e-06,0.96932
3148,0.0001,0.0048547,6.5843e-07,0.96897
3152,0.0001,0.021002,1.3726e-06,0.99575
3156,0.0001,0.034196,1.8252e-06,0.99731
3160,0.0001,0.01069,3.1034e-06,0.9749
3164,0.0001,0.06189,0.0020365,0.99163
3168,0.0001,0.047318,9.6747e-06,0.99369
3172,0.0001,0.052838,7.7369e-06,0.98577
3176,0.0001,0.016885,1.78e-06,0.9945
3180,0.0001,0.014043,0,0.97726
3184,0.0001,0.010927,1.9116e-06,0.99657
3188,0.0001,0.0071882,1.7147e-07,0.98757
3192,0.0001,0.0060733,1.529e-06,0.99279
3196,0.0001,0.022921,1.3438e-06,0.99125
3200,0.0001,0.033708,6.5373e-07,0.9903
3204,0.0001,0.02934,8.6369e-07,0.98521
3208,0.0001,0.027249,2.2485e-06,0.96064
3212,0.0001,0.0014775,4.0578e-06,0.98387
3216,0.0001,0.025664,1.1934e-06,0.98888
3220,0.0001,0.023434,0,0.99303
3224,0.0001,0.027079,4.2281e-06,0.99924
3228,0.0001,0.0562,2.3236e-06,0.99794
3232,0.0001,0.053444,5.1597e-06,0.99923
3236,0.0001,0.031893,2.7923e-07,0.97691
3240,0.0001,0.014653,1.3075e-06,0.99421
3244,0.0001,0.047972,2.6425e-06,0.97518
3248,0.0001,0.031125,1.7059e-05,0.99607
3252,0.0001,0.011781,4.1563e-06,0.98599
3256,0.0001,0.02217,4.7987e-06,0.99391
3260,0.0001,0.059177,1.163e-05,0.99508
3264,0.0001,0.029767,8.7772e-07,0.99311
3268,0.0001,0.037427,1.8329e-06,0.99592
3272,0.0001,0.03678,7.2692e-06,0.97748
3276,0.0001,0.038626,8.0714e-06,0.98224
3280,0.0001,0.044089,7.2461e-06,0.99854
3284,0.0001,0.083035,0.0012068,0.99247
3288,0.0001,0.04986,1.011e-05,0.9768
3292,0.0001,0.0089315,0,0.97869
3296,0.0001,0.0052959,1.5339e-06,0.98041
3300,0.0001,0.010164,0,0.98079
3304,0.0001,0.029854,1.9611e-06,0.97891
3308,0.0001,0.058704,7.8214e-06,0.99051
3312,0.0001,0.055263,0.0006432,0.99586
3316,0.0001,0.018543,1.175e-06,0.99427
3320,0.0001,0.032479,1.1774e-06,0.99666
3324,0.0001,0.017662,1.3916e-06,0.9986
3328,0.0001,0.0059436,1.3661e-07,0.98271
3332,0.0001,0.047788,3.9085e-06,0.98729
3336,0.0001,0.05329,6.2456e-06,0.96976
3340,0.0001,0.0057533,4.2835e-08,0.99719
3344,0.0001,0.0018832,1.9558e-06,0.96732
3348,0.0001,0.058661,1.4004e-05,0.98712
3352,0.0001,0.050477,9.0414e-05,0.99973
3356,0.0001,0.072695,0.0012139,0.97082
3360,0.0001,0.017021,2.1203e-06,0.99751
3364,0.0001,0.032638,3.5898e-06,0.96753
3368,0.0001,0.080389,4.123e-05,0.98448
3372,0.0001,0.014776,2.1627e-07,0.97802
3376,0.0001,0.0067504,4.1181e-06,0.99021
3380,0.0001,0.045035,7.6135e-06,0.9892
3384,0.0001,0.072574,1.9427e-05,0.95418
3388,0.0001,0.050701,2.2888e-06,0.99545
3392,0.0001,0.032396,3.8897e-07,0.96983
3396,0.0001,0.060763,1.0636e-05,0.99658
3400,0.0001,0.049577,2.9791e-07,0.99551
3404,0.0001,0.07059,0.00025916,0.98663
3408,0.0001,0.058865,3.4885e-06,0.97536
3412,0.0001,0.041107,8.9392e-07,0.98572
3416,0.0001,0.018486,1.1077e-06,0.99565
3420,0.0001,0.0194,7.857e-07,0.98771
3424,0.0001,0.054079,0.0020629,0.99639
3428,0.0001,0.030652,4.3118e-06,0.98232
3432,0.0001,0.078918,2.7525e-05,0.98741
3436,0.0001,0.02464,2.5012e-06,0.99675
3440,0.0001,0.025476,1.2261e-06,0.98243
3444,0.0001,0.053612,1.2312e-05,0.99586
3448,0.0001,0.035467,1.9862e-06,0.98559
3452,0.0001,0.022249,4.3188e-06,0.99858
3456,0.0001,0.011779,1.5081e-06,0.98818
3460,0.0001,0.027516,1.2519e-06,0.96575
3464,0.0001,0.057749,1.1435e-07,0.9813
3468,0.0001,0.060428,1.7648e-05,0.98445
3472,0.0001,0.020896,6.136e-06,0.98543
3476,0.0001,0.0074931,4.0101e-06,0.98695
3480,0.0001,0.061248,0.000574,0.99131
3484,0.0001,0.0094182,2.9905e-07,0.99203
3488,0.0001,0.028093,4.1924e-06,0.99303
3492,0.0001,0.0037298,3.8223e-07,0.99348
3496,0.0001,0.013776,6.1518e-07,0.97831
3500,0.0001,0.028928,1.817e-06,0.99588
3504,0.0001,0.066153,8.1362e-06,0.98522
3508,0.0001,0.049678,2.2792e-06,0.98537
3512,0.0001,0.0079536,4.034e-06,0.99447
3516,0.0001,0.00085779,3.4167e-06,0.97347
3520,0.0001,0.0081707,4.1323e-07,0.99572
3524,0.0001,0.031266,3.4261e-06,0.99409
3528,0.0001,0.049611,6.7805e-06,0.97405
3532,0.0001,0.019631,3.1084e-06,0.98409
3536,0.0001,0.0081443,3.8036e-06,0.98929
3540,0.0001,0.003352,3.3652e-07,0.99689
3544,0.0001,0.001621,2.4255e-06,0.97266
3548,0.0001,0.006736,1.8987e-06,0.99942
3552,0.0001,0.053194,2.3046e-08,0.99321
3556,0.0001,0.045328,2.5765e-06,0.9872
3560,0.0001,0.050456,1.4845e-06,0.96063
3564,0.0001,0.052095,0.0020875,0.99863
3568,0.0001,0.022175,2.3067e-07,0.98863
3572,0.0001,0.0052549,6.8097e-07,0.9911
3576,0.0001,0.016148,2.9825e-06,0.9932
3580,0.0001,0.081611,1.2809e-05,0.98516
3584,0.0001,0.011188,3.4118e-07,0.99856
3588,0.0001,0.0090498,8.7166e-07,0.99861
3592,0.0001,0.0013689,6.3103e-07,0.99999
3596,0.0001,0.038218,5.3894e-06,0.96962
3600,0.0001,0.060368,6.7854e-06,0.99398
3604,0.0001,0.044927,1.0009e-06,0.97739
3608,0.0001,0.0078789,6.2712e-07,0.99035
3612,0.0001,0.0044298,3.5165e-06,0.9929
3616,0.0001,0.032822,5.6032e-06,0.98847
3620,0.0001,0.032604,4.5257e-06,0.99526
3624,0.0001,0.068238,0.00019489,0.9983
3628,0.0001,0.038937,1.3604e-06,0.99782
3632,0.0001,0.032181,3.6097e-06,0.99496
3636,0.0001,0.0094082,7.6101e-07,0.97717
3640,0.0001,0.011824,0,0.99911
3644,0.0001,0.029093,2.8793e-06,0.98005
3648,0.0001,0.015796,3.9651e-06,0.99162
3652,0.0001,0.018936,2.0532e-06,0.95925
3656,0.0001,0.045561,3.3425e-06,0.97179
3660,0.0001,0.012229,0,0.99519
3664,0.0001,0.022231,1.8382e-06,0.98183
3668,0.0001,0.028126,2.4394e-06,0.99544
3672,0.0001,0.021756,3.095e-06,0.98894
3676,0.0001,0.054773,1.7398e-06,0.99381
3680,0.0001,0.035521,8.5741e-06,0.98202
3684,0.0001,0.014281,4.1812e-07,0.99817
3688,0.0001,0.034698,7.013e-06,0.99421
3692,0.0001,0.038357,3.3866e-06,0.99418
3696,0.0001,0.020415,4.4236e-06,0.97859
3700,0.0001,0.00045094,6.1405e-07,0.979
3704,0.0001,0.0034495,1.1104e-06,0.99496
3708,0.0001,0.061337,7.6229e-06,0.98917
3712,0.0001,0.035007,1.5792e-06,0.99655
3716,0.0001,0.043863,9.7065e-07,0.98458
3720,0.0001,0.011186,2.4088e-06,0.98264
3724,0.0001,0.042408,1.4653e-06,0.99676
3728,0.0001,0.06723,7.9566e-06,0.99523
3732,0.0001,0.034865,4.1393e-06,0.97181
3736,0.0001,0.0028418,8.9609e-07,0.97054
3740,0.0001,0.01286,9.3604e-07,1
3744,0.0001,0.061433,5.0225e-06,0.97107
3748,0.0001,0.02945,3.7563e-06,0.98543
3752,0.0001,0.036182,3.5062e-06,0.98168
3756,0.0001,0.009365,6.4871e-07,0.98487
3760,0.0001,0.019689,4.7448e-06,0.9954
3764,0.0001,0.036482,2.0716e-06,0.98713
3768,0.0001,0.032241,3.6619e-06,0.97433
3772,0.0001,0.018568,2.8033e-06,0.97998
3776,0.0001,0.035179,6.1981e-06,0.98076
3780,0.0001,0.024385,3.9253e-06,0.98606
3784,0.0001,0.034265,3.7752e-06,0.98887
3788,0.0001,0.015645,6.1618e-07,0.9886
3792,0.0001,0.011151,9.9037e-07,0.99703
3796,0.0001,0.0015335,1.3631e-06,0.98187
3800,0.0001,0.013231,6.2188e-07,0.96659
3804,0.0001,0.032961,4.9842e-06,0.99368
3808,0.0001,0.027463,1.3178e-06,0.99289
3812,0.0001,0.034057,4.0794e-06,0.98027
3816,0.0001,0.044801,1.7207e-06,0.99238
3820,0.0001,0.049253,7.2725e-05,0.99931
3824,0.0001,0.037715,2.4403e-06,0.9909
3828,0.0001,0.058509,3.0236e-06,0.98098
3832,0.0001,0.04537,1.4875e-06,0.97844
3836,0.0001,0.056522,5.2508e-05,0.98478
3840,0.0001,0.042625,7.3323e-07,0.98682
3844,0.0001,0.049583,8.806e-07,0.99997
3848,0.0001,0.037169,1.9286e-06,0.99396
3852,0.0001,0.050934,0,0.999
3856,0.0001,0.028889,3.4175e-07,0.99349
3860,0.0001,0.029396,2.6706e-07,0.99698
3864,0.0001,0.0076648,6.5196e-07,0.96048
3868,0.0001,0.049606,4.6547e-07,0.99249
3872,0.0001,0.0066301,2.3157e-06,0.98654
3876,0.0001,0.010032,1.4946e-06,0.99073
3880,0.0001,0.018372,3.333e-06,0.99924
3884,0.0001,0.05163,3.6203e-06,0.99519
3888,0.0001,0.065629,0.001056,0.98968
3892,0.0001,0.035598,5.1525e-07,0.98497
3896,0.0001,0.0047532,1.3942e-06,0.9926
3900,0.0001,0.051707,1.0825e-07,0.98198
3904,0.0001,0.030795,3.0605e-06,0.97752
3908,0.0001,0.008495,3.5328e-06,0.95172
3912,0.0001,0.039316,1.8384e-06,0.98142
3916,0.0001,0.03538,8.3529e-07,0.99231
3920,0.0001,0.0089968,3.5172e-06,0.99161
3924,0.0001,0.047591,9.1446e-07,0.98578
3928,0.0001,0.050268,2.0494e-06,0.99017
3932,0.0001,0.038896,2.6568e-06,0.98021
3936,0.0001,0.0099965,3.8175e-07,0.9828
3940,0.0001,0.006176,3.2148e-06,0.99518
3944,0.0001,0.03368,1.2766e-08,0.98866
3948,0.0001,0.046376,4.4222e-06,0.98682
3952,0.0001,0.038907,4.6959e-06,0.98553
3956,0.0001,0.068059,5.2268e-05,0.99088
3960,0.0001,0.062931,4.0077e-06,0.98729
3964,0.0001,0.054682,0.00023405,0.98911
3968,0.0001,0.045262,0.0010656,0.99508
3972,0.0001,0.046691,0.00014396,1
3976,0.0001,0.047825,5.8912e-07,0.97837
3980,0.0001,0.021165,2.1254e-06,0.99909
3984,0.0001,0.045339,2.4523e-06,0.99141
3988,0.0001,0.0067108,1.9024e-06,0.99398
3992,0.0001,0.010908,4.0369e-06,0.99031
3996,0.0001,0.016208,3.5218e-06,0.9664
