0,1,0.01,0,0.01,0,0.01,0,0.01,0,0.01,0,0.01,0,0.01,0,0.01,0
0.05,0.99977,0.0074667,1.4386e-06,0.008859,1.8892e-07,0.012518,4.7167e-07,0.011948,2.2804e-06,0.01151,1.2013e-07,0.010702,5.2278e-07,0.0083187,1.209e-06,0.010775,6.4389e-07
0.1,0.99953,0.005047,0,0.010319,2.3918e-07,0.01391,1.5748e-06,0.010066,3.0089e-06,0.009091,2.233e-06,0.0095407,3.2303e-07,0.011724,0,0.0079553,1.9004e-06
0.15,0.9993,0.0065593,6.3465e-07,0.0091115,8.9915e-07,0.013076,7.1665e-07,0.010863,1.6504e-06,0.0075683,7.3408e-08,0.0093824,3.0484e-06,0.0084497,1.4929e-06,0.0070563,2.5072e-06
0.2,0.99906,0.0022,1.6853e-06,0.0092839,3.9057e-07,0.014958,8.4796e-07,0.010659,1.3758e-06,0.0099868,3.0581e-06,0.0073938,3.718e-07,0.010093,1.9433e-06,0.0062817,2.0779e-06
0.25,0.99883,0.0053294,1.3996e-06,0.010664,0,0.017425,1.1967e-06,0.011636,1.1986e-06,0.011843,1.7239e-06,0.0056585,2.2206e-06,0.010963,3.0166e-06,0.0054662,5.4051e-07
0.3,0.99859,0.0038232,2.565e-07,0.0104,0,0.016903,2.0372e-06,0.010902,7.0082e-07,0.0096092,1.1495e-06,0.0075532,2.5664e-06,0.0088728,2.7887e-07,0.0039698,3.2566e-07
0.35,0.99836,0.0018551,1.005e-06,0.0089587,2.1352e-06,0.013839,1.7914e-06,0.0092747,2.1605e-06,0.0087696,9.8069e-07,0.0071871,8.8606e-07,0.0093463,2.0392e-06,0.0042017,2.028e-08
0.4,0.99813,0.004775,9.9461e-07,0.0092115,5.3197e-07,0.0099991,8.9042e-07,0.011139,2.1327e-06,0.0116,4.6376e-07,0.0065927,7.1421e-07,0.0097588,8.6274e-07,0.007911,1.105e-06
0.45,0.99789,0.0013567,0,0.01383,4.4575e-07,0.013863,9.6579e-07,0.0087078,1.4794e-06,0.011574,1.0858e-06,0.0097377,0,0.0087959,5.1591e-07,0.0087611,9.5448e-07
0.5,0.99766,0.00027782,0,0.013584,0,0.012841,3.9457e-10,0.010705,2.0408e-06,0.011616,1.631e-07,0.0095484,4.6385e-07,0.011668,1.4886e-06,0.0042215,1.9376e-07
0.55,0.99742,0.002981,1.5328e-06,0.014749,6.3937e-07,0.015256,2.1245e-07,0.012928,3.8493e-07,0.0080025,7.8684e-07,0.0075679,1.0779e-06,0.010721,9.6537e-08,0.0053619,4.5881e-08
0.6,0.99719,0.00062891,8.699e-07,0.015709,1.69e-07,0.016536,2.3734e-06,0.0083871,1.2831e-06,0.010672,6.7424e-07,0.0072693,1.0003e-06,0.013136,1.944e-06,0.0044181,1.4102e-06
0.65,0.99695,0.0027306,2.2932e-06,0.01698,1.2357e-06,0.015843,0,0.0085427,4.9656e-07,0.0074119,2.2911e-06,0.0068122,1.058e-06,0.014995,4.5068e-07,0.004737,1.2558e-06
0.7,0.99672,0.00058895,1.5587e-06,0.014924,9.8495e-07,0.01546,5.6075e-07,0.0076082,1.2091e-06,0.005112,1.8016e-06,0.005617,1.0552e-06,0.014301,1.6052e-06,0.0058437,2.3139e-06
0.75,0.99648,0,8.5349e-08,0.014541,4.7536e-08,0.014656,7.0289e-07,0.0078726,1.9038e-06,0.0065506,1.0541e-07,0.0058085,4.4236e-07,0.017701,1.8151e-06,0.0079818,1.6387e-06
0.8,0.99625,0.0019071,6.976e-07,0.012111,9.4619e-07,0.013042,1.0989e-06,0.012036,2.1658e-07,0.0097517,1.0745e-06,0.0088983,1.4041e-06,0.01463,6.347e-07,0.0092146,0
0.85,0.99602,0.0019111,1.0206e-06,0.010044,2.1049e-06,0.014517,8.718e-07,0.013533,6.7023e-08,0.0098667,1.976e-06,0.0068269,4.0087e-07,0.012341,2.609e-07,0.0071478,4.0659e-07
0.9,0.99578,0.001259,9.8889e-07,0.010686,4.0977e-07,0.012616,0,0.017485,0,0.01098,3.8673e-06,0.010644,1.2308e-07,0.0071095,1.791e-06,0.0095706,1.953e-07
0.95,0.99555,4.6203e-05,2.0481e-06,0.014094,6.2806e-07,0.010531,7.4524e-07,0.016989,2.2086e-06,0.0092701,8.1501e-07,0.011369,1.1622e-06,0.0051445,1.5676e-06,0.011028,5.0726e-07
1,0.99531,0.0011254,0,0.012916,0,0.014696,7.1537e-07,0.016532,3.4677e-06,0.0075051,2.9897e-06,0.010176,1.094e-07,0.0038689,7.0448e-07,0.0095903,7.6197e-07
1.05,0.99508,0.0028142,1.5485e-07,0.0076995,0,0.015292,1.3046e-06,0.013947,1.7673e-06,0.0072838,9.2998e-07,0.0053453,2.9528e-06,0.0035814,1.4583e-07,0.0082589,6.3605e-07
1.1,0.99484,0.004864,1.0152e-06,0.0039821,9.1682e-07,0.015752,3.7045e-07,0.015306,1.0831e-07,0.0018437,2.1878e-07,0.0057315,1.7242e-07,0.006563,1.2032e-06,0.0030468,0
1.15,0.99461,0.0054099,2.2074e-06,0.0068211,3.5564e-07,0.017094,6.8648e-07,0.016707,1.2708e-06,0.00016196,6.153e-07,0.004693,8.6457e-07,0.006356,1.4748e-06,0.0014129,4.3673e-07
1.2,0.99438,0.0043141,7.1937e-07,0.0076044,6.6371e-07,0.01801,2.2242e-06,0.019022,2.802e-07,0.00060187,2.8598e-06,0.0042211,3.1685e-06,0.005856,2.5724e-06,0.001188,0
1.25,0.99414,0.0068241,3.9285e-07,0.0061359,2.6699e-06,0.018497,2.0684e-06,0.019023,3.0052e-07,9.4548e-05,1.2824e-06,0.0045602,2.5658e-06,0.0067723,4.1273e-07,0.0024806,7.9564e-08
1.3,0.99391,0.0092891,5.6956e-07,0.0056928,0,0.017918,1.5886e-06,0.022797,1.8134e-06,0.0011836,4.4993e-07,0.0036478,2.8387e-07,0.0070244,1.1208e-07,0.0018922,1.813e-07
1.35,0.99367,0.010106,1.2843e-06,0.0076398,4.3732e-07,0.01924,1.4329e-06,0.023479,1.3e-06,0.0060305,2.2282e-06,0.0038613,9.9661e-07,0.0091973,9.764e-08,0.0013477,0
1.4,0.99344,0.010974,3.178e-07,0.0046204,2.3601e-06,0.020371,2.0777e-06,0.025891,1.2969e-06,0.0072196,3.5892e-07,0.0034319,2.4641e-07,0.0068745,1.3195e-06,0.0020473,5.25e-07
1.45,0.9932,0.010251,8.0767e-07,0.00080663,1.4857e-06,0.023034,2.636e-06,0.030697,1.7411e-06,0.0054171,0,0.0071078,4.6498e-07,0.0091785,2.369e-06,0.0031274,7.4476e-07
1.5,0.99297,0.010858,2.438e-06,0.0062852,1.1585e-06,0.019277,3.5208e-06,0.030787,0,0.005977,5.4227e-08,0.0055065,7.5861e-07,0.010622,8.8582e-07,2.9848e-05,4.7458e-07
1.55,0.99273,0.010107,3.1076e-06,0.0097111,2.827e-06,0.020705,8.5153e-07,0.030256,1.1006e-06,0.0068587,2.3009e-06,0.0012,7.5412e-08,0.0073879,1.0187e-06,0.0017111,6.2067e-08
1.6,0.9925,0.010111,1.2156e-06,0.010553,1.0893e-06,0.021811,3.4718e-06,0.032214,1.7598e-07,0.016048,3.5979e-07,0.0059249,1.8142e-07,0.011474,1.6437e-06,0.00018986,5.3802e-07
1.65,0.99227,0.0081954,7.9938e-07,0.010647,2.8343e-07,0.021892,6.0315e-07,0.030093,1.0163e-06,0.012639,0,0.0049644,1.485e-06,0.012783,7.4759e-07,0.0011128,1.3968e-07
1.7,0.99203,0.0085025,2.0366e-06,0.0090234,0,0.019621,1.1644e-06,0.032348,2.9627e-06,0.012758,1.5883e-07,0.0066349,1.8237e-06,0.0099038,9.7227e-07,0.0027669,2.5483e-06
1.75,0.9918,0.010526,1.7397e-06,0.0075186,8.6482e-08,0.02087,4.7076e-07,0.031744,1.753e-07,0.012451,5.6939e-07,0.0073793,1.7543e-06,0.0076524,2.0281e-07,0.0014652,0
1.8,0.99156,0.010909,7.2179e-07,0.0096155,0,0.020374,7.7375e-07,0.028768,1.3166e-07,0.013499,9.7717e-07,0.005021,1.8247e-06,0.0046255,8.5222e-07,0.0012684,2.2053e-06
1.85,0.99133,0.012349,1.0014e-06,0.010395,1.17e-06,0.023212,9.2227e-07,0.023335,9.813e-07,0.011717,1.9364e-06,0.0020001,9.9401e-07,0.0063005,1.9308e-06,0.00040178,3.5703e-07
1.9,0.99109,0.014556,1.4676e-06,0.012447,2.4061e-06,0.024018,1.4169e-06,0.02539,1.2959e-06,0.012187,1.4892e-06,7.2082e-05,8.5515e-07,0.005989,1.5841e-07,0.0019596,0
1.95,0.99086,0.014651,1.3846e-06,0.011088,2.3674e-06,0.02028,8.5146e-07,0.02286,5.3215e-08,0.011089,0,0.0010214,1.9399e-07,0.0065862,2.6632e-07,0.0020346,1.5003e-06
2,0.99062,0.017244,1.3033e-06,0.013478,1.5438e-06,0.022038,2.2365e-06,0.021305,5.7347e-07,0.010963,1.1415e-06,0.0017693,8.0373e-08,0.0070885,2.3647e-06,0.0011611,0
2.05,0.99039,0.015289,9.049e-07,0.014434,3.5849e-07,0.022599,3.5844e-08,0.024416,1.0539e-06,0.012535,1.1696e-06,0.0012152,2.1246e-06,0.0096504,0,4.2128e-05,1.7791e-06
2.1,0.99016,0.012367,1.3415e-06,0.018469,1.9967e-06,0.021603,7.2975e-07,0.024549,3.361e-07,0.015876,7.6398e-07,0.0054534,6.2747e-07,0.01029,2.9109e-07,0.0013899,7.4698e-07
2.15,0.98992,0.012764,3.7173e-07,0.015095,1.0245e-06,0.021768,1.1553e-06,0.024759,3.712e-07,0.01599,1.4648e-06,0.0063744,1.8506e-06,0.0101,8.0127e-07,0.0010899,1.5769e-06
2.2,0.98969,0.011954,1.5623e-06,0.014355,5.3789e-07,0.023612,1.5921e-06,0.024567,7.3292e-07,0.014779,1.9716e-06,0.0034999,6.0917e-07,0.0099039,1.2198e-07,4.0081e-05,1.5147e-06
2.25,0.98945,0.0065241,5.537e-07,0.01686,2.1895e-06,0.023767,9.1937e-07,0.023824,1.3568e-06,0.016673,1.7317e-06,0.0051259,2.7515e-07,0.0054548,1.3307e-06,0.0020084,0
2.3,0.98922,0.0055793,7.9842e-07,0.018125,2.4069e-06,0.023572,0,0.024987,1.9441e-06,0.012465,1.7658e-07,0.0011986,4.79e-07,0.0039574,1.2278e-06,0.00065474,1.0938e-06
2.35,0.98898,0.0034143,8.1124e-07,0.017633,3.0078e-07,0.023238,1.7598e-06,0.029994,1.4384e-06,0.010835,1.1452e-06,0,7.5593e-07,0.0040088,3.4099e-07,0.0010175,9.3353e-07
2.4,0.98875,0.0019409,6.9062e-07,0.016145,6.2225e-07,0.022026,4.1134e-08,0.03007,0,0.0095575,2.313e-06,0.0012788,4.254e-07,0.0030588,1.3471e-06,0.00084459,7.5537e-07
2.45,0.98852,0.0014271,1.1469e-07,0.015967,0,0.022363,2.1495e-06,0.034373,1.664e-06,0.0081014,8.1815e-07,0.0016278,1.0423e-06,0.0041164,1.2723e-06,0.0015327,1.7746e-06
2.5,0.98828,0.00012168,8.1565e-07,0.016994,2.79e-06,0.024442,1.919e-07,0.035698,3.4446e-06,0.010367,3.3021e-07,0.0022489,0,0.0056255,2.0374e-06,0.00076741,2.4389e-06
2.55,0.98805,0.0023341,1.9496e-06,0.012844,1.5889e-06,0.024909,1.6759e-07,0.035738,1.0358e-06,0.011301,1.92e-07,0,2.3193e-07,0.0060909,2.7438e-06,0.0027692,1.817e-06
2.6,0.98781,4.3781e-05,1.6496e-06,0.0099545,6.906e-07,0.024341,1.4629e-06,0.037923,4.3763e-06,0.010103,4.7524e-07,0.0019447,3.6981e-07,0.0053276,2.9852e-06,0.00068275,1.3232e-06
2.65,0.98758,0.0026612,2.729e-08,0.0095482,1.6082e-06,0.021707,5.6717e-07,0.035659,2.9824e-06,0.0072998,2.5232e-06,0.0012977,6.0184e-07,0.0060962,1.192e-06,0.00042786,4.3517e-07
2.7,0.98734,0.0051883,5.2645e-07,0.0053695,7.591e-07,0.022441,0,0.034258,2.0588e-06,0.0083709,1.8787e-06,0.00091684,9.9598e-07,0.0027827,1.0665e-06,0.0002147,1.0292e-06
2.75,0.98711,0.00023038,1.828e-06,0.0052558,1.9413e-06,0.024008,1.0103e-06,0.036548,2.9862e-06,0.0087581,7.435e-07,0.001807,2.9018e-07,0.0013291,4.9488e-07,0.0024465,1.6092e-06
2.8,0.98687,0.004291,3.6174e-07,0.007301,3.0825e-07,0.02231,1.2179e-06,0.035638,2.3977e-06,0.0092084,3.2962e-07,0,0,0.0034256,3.0575e-08,0.0016259,1.2538e-06
2.85,0.98664,0.0051699,2.2199e-06,0.0057456,5.7497e-07,0.025131,2.8915e-06,0.034211,8.7032e-07,0.0097951,3.0206e-06,0.00050458,1.4148e-06,0.0068297,2.4399e-06,0.0062242,1.188e-07
2.9,0.98641,0.0013698,2.7543e-07,0.0092589,1.375e-06,0.022164,0,0.036912,6.7366e-07,0.0099893,7.588e-07,0.0060272,5.4652e-07,0.009432,6.3335e-07,0.004811,1.1562e-06
2.95,0.98617,0.0023314,1.2947e-06,0.008052,1.1257e-06,0.021893,1.9639e-06,0.035347,1.5391e-06,0.011074,3.7815e-06,0,4.3091e-07,0.0078537,7.0106e-09,0.0061158,1.5337e-06
3,0.98594,0.00034057,5.2838e-07,0.0061468,0,0.021357,2.4094e-06,0.034569,1.902e-06,0.011737,1.4601e-06,0.00030028,1.7182e-06,0.0048144,2.515e-06,0.0039884,3.7172e-07
3.05,0.9857,0,4.465e-07,0.0096382,1.5473e-06,0.022508,3.1056e-07,0.031734,1.5547e-06,0.011099,2.6209e-06,0.0014777,3.872e-07,0.0020807,5.2463e-07,0.0056063,1.0992e-06
3.1,0.98547,0.00045633,5.0036e-07,0.010464,9.8749e-08,0.021601,8.5946e-07,0.032125,1.4167e-06,0.013477,2.9266e-07,0.00083866,0,0.0020839,1.3908e-07,0.0014087,8.2911e-08
3.15,0.98523,0.0015628,1.8766e-07,0.0086456,1.6026e-06,0.021588,7.6453e-08,0.033446,2.3457e-06,0.015422,1.5201e-06,0.0034981,1.887e-06,0.0022057,1.3651e-06,0.0014666,3.0593e-06
3.2,0.985,0.0035682,1.6815e-06,0.007162,2.1502e-06,0.025033,3.8234e-07,0.031783,1.0509e-06,0.018612,8.2155e-07,0.00088199,2.077e-06,0.0014369,3.834e-07,0.0010763,1.1797e-06
3.25,0.98477,0.00011544,4.0078e-07,0.0074809,5.1018e-07,0.026945,3.3071e-06,0.032196,8.7157e-07,0.017477,1.5251e-06,0.00025483,3.8899e-07,5.2961e-05,1.2921e-06,0,5.0143e-07
3.3,0.98453,0.00403,1.0475e-07,0.0049787,1.283e-06,0.023296,3.6609e-06,0.030925,9.8575e-07,0.016131,7.7884e-07,0.0050102,1.8493e-06,0.0021065,6.1298e-07,0.0023952,1.3706e-06
3.35,0.9843,0.0053819,2.1479e-06,0.007295,2.0449e-06,0.025401,1.5139e-06,0.032562,1.4766e-06,0.011302,9.8719e-07,0.0077467,3.1919e-07,0.0036437,0,0.0017255,1.2383e-06
3.4,0.98406,0.0040224,2.1167e-06,0.0036705,2.4725e-06,0.029023,4.8552e-07,0.03189,2.3319e-06,0.012698,4.5203e-07,0.0047132,0,0.00026237,0,0.00019196,1.6984e-06
3.45,0.98383,0.007423,1.9879e-06,0.0010247,3.3297e-06,0.028589,3.5465e-06,0.03284,2.6046e-06,0.010613,1.6021e-06,0.0037689,1.4922e-06,0.0033404,0,0.00019462,9.9839e-07
3.5,0.98359,0.0085673,2.2675e-07,0.0013907,1.0996e-06,0.027037,3.8448e-06,0.03491,1.8799e-06,0.012529,9.9774e-08,0.0028903,5.5234e-07,0.0036473,0,0,9.9029e-07
3.55,0.98336,0.0069786,1.2885e-06,0.0016633,1.1033e-06,0.026734,0,0.035801,3.1337e-06,0.013438,3.0034e-07,0.0020907,0,0.0012746,2.7355e-06,0.0021673,2.2111e-06
3.6,0.98313,0.0054215,3.1529e-07,0.0022858,1.5724e-06,0.026637,1.7309e-06,0.035378,1.9643e-06,0.013624,5.7809e-07,0.0043027,4.1929e-07,0.0008144,1.92e-06,0.0006354,4.1611e-07
3.65,0.98289,0.0047419,4.0786e-06,0.0024493,6.5402e-07,0.027239,1.0523e-06,0.032584,3.797e-06,0.014336,1.5418e-06,0.0050694,2.9073e-07,0.0046605,0,2.4635e-05,1.3971e-06
3.7,0.98266,0.0029117,3.2449e-06,0.0010934,4.101e-07,0.023781,8.3672e-07,0.030842,3.003e-07,0.01572,1.3496e-07,0.0080699,1.5443e-06,0.010204,1.6891e-06,0.0011518,2.6828e-06
3.75,0.98242,0.00037428,2.9138e-07,0.0032573,1.8324e-07,0.023451,6.4883e-07,0.030366,4.0299e-07,0.014874,1.4893e-06,0.0090175,4.6657e-07,0.01177,2.788e-07,0.0032014,1.7095e-06
3.8,0.98219,0.00035625,1.7466e-06,0.0023486,7.9819e-07,0.025247,1.7374e-06,0.0295,4.0017e-07,0.014255,2.2944e-08,0.0083766,3.8109e-07,0.013352,2.1412e-06,0.002416,8.6262e-07
3.85,0.98195,0.00014773,1.5604e-06,0.00061405,4.7578e-07,0.027494,7.578e-07,0.030718,7.0191e-07,0.015443,9.8321e-07,0.0094957,1.6826e-06,0.014319,1.0358e-06,0.0028291,3.5488e-07
3.9,0.98172,0.0024784,6.8543e-07,0.0023281,6.5838e-08,0.028075,1.9115e-06,0.032793,1.6792e-06,0.014506,0,0.0066468,1.8033e-06,0.017364,0,0.0040384,3.3591e-07
3.95,0.98148,0.00047704,9.8585e-07,0.0036883,1.1597e-06,0.026681,3.6256e-07,0.035906,2.3463e-06,0.013526,1.6597e-06,0.0077604,3.3865e-06,0.014616,7.0533e-07,0.0032249,2.0983e-06
4,0.98125,0.0021071,1.9921e-06,0.0055725,6.8423e-07,0.024993,6.2982e-07,0.035004,6.3783e-08,0.015109,1.8305e-06,0.0047899,6.2177e-07,0.019208,5.6904e-07,1.5019e-05,0
4.05,0.98102,0.0031907,1.2827e-06,0.0052778,1.2565e-06,0.022895,1.0082e-06,0.032135,8.9891e-07,0.014458,7.3368e-07,0.0060177,9.7507e-07,0.021127,5.2047e-07,0.0012387,5.4175e-07
4.1,0.98078,0.0042461,0,0,1.2569e-06,0.021821,2.9429e-07,0.03296,4.7656e-07,0.011256,2.9439e-06,0.0031503,2.442e-07,0.020174,9.9095e-07,0.0014973,1.0066e-06
4.15,0.98055,0.0066199,3.116e-07,0.0029348,1.5884e-06,0.021637,1.6426e-06,0.030789,2.8896e-06,0.013593,8.4278e-07,0.0054441,0,0.017227,3.1781e-06,0.0024665,5.5314e-07
4.2,0.98031,0.010088,2.4805e-06,0.0042243,2.4054e-06,0.019427,6.834e-07,0.02994,2.8287e-07,0.016585,7.2064e-07,0.0053356,1.4093e-06,0.018722,9.8371e-07,0.0018671,9.9406e-07
4.25,0.98008,0.010785,1.168e-06,0.010837,1.7501e-06,0.020235,2.0884e-06,0.033445,1.0165e-06,0.016317,1.6451e-06,0.0092139,6.8857e-07,0.017201,1.7671e-06,0.002131,1.8317e-08
4.3,0.97984,0.012183,9.5748e-07,0.010149,3.4693e-07,0.017819,6.8602e-07,0.036413,2.7598e-07,0.018347,1.2657e-06,0.012215,6.3285e-07,0.019249,2.601e-07,0.00035596,2.1429e-07
4.35,0.97961,0.012639,6.8916e-07,0.010804,1.8406e-06,0.020518,6.3709e-07,0.03773,1.6303e-07,0.018535,5.6646e-07,0.011559,0,0.018382,3.9451e-07,0.0044604,3.7319e-07
4.4,0.97937,0.01028,1.7042e-06,0.0064776,1.3779e-06,0.01567,1.0111e-06,0.035271,1.7061e-06,0.015088,2.2433e-06,0.01304,1.0355e-06,0.018663,1.2614e-06,0.00081791,0
4.45,0.97914,0.0068818,3.2781e-07,0.0075681,3.6713e-07,0.013836,1.0181e-07,0.03565,1.0931e-06,0.011165,2.1409e-06,0.012365,1.0944e-07,0.021125,1.215e-06,0.0026357,1.4469e-07
4.5,0.97891,0.005559,1.2428e-06,0.010586,3.878e-06,0.011576,1.4333e-06,0.037073,0,0.011904,2.5853e-08,0.0093173,1.2392e-06,0.020099,3.1663e-06,0.0031366,1.2047e-07
4.55,0.97867,0.003082,2.0688e-06,0.011929,1.1282e-06,0.012888,1.5286e-06,0.036132,0,0.010543,3.6093e-07,0.0039858,6.0309e-07,0.01966,3.359e-06,0.0080474,1.1866e-06
4.6,0.97844,0.0054772,3.1115e-06,0.012142,3.2353e-07,0.015535,0,0.037163,4.6507e-07,0.0080896,4.9394e-07,0.0024887,1.6782e-06,0.021287,1.1118e-06,0.003181,1.7514e-06
4.65,0.9782,0.00034282,6.3487e-07,0.0083342,0,0.012752,1.0962e-06,0.034677,1.3223e-06,0.0091728,0,0.0037207,1.6821e-06,0.020261,3.5668e-06,0.0045283,1.0758e-06
4.7,0.97797,0.0010503,4.4094e-07,0.0087806,2.2694e-06,0.015732,1.407e-06,0.036472,1.3949e-06,0.013109,0,0.0077583,4.4102e-07,0.020756,1.0452e-06,0.0046311,1.7657e-06
4.75,0.97773,0.0011566,2.4669e-06,0.007225,2.3605e-06,0.020668,1.1926e-06,0.036292,2.1314e-06,0.012462,2.2381e-06,0.0079611,5.4323e-07,0.020549,4.042e-07,0.0037517,0
4.8,0.9775,0.0020635,1.3749e-06,0.0090145,1.3658e-07,0.019478,1.6971e-06,0.035005,9.1479e-07,0.012562,2.731e-06,0.0053136,1.5238e-07,0.018989,2.1247e-07,0.0069084,2.9177e-06
4.85,0.97727,0.00015546,1.1107e-06,0.0072194,2.9442e-06,0.022132,0,0.033811,1.8156e-06,0.012022,2.9707e-06,0.0082618,1.3191e-08,0.018372,1.1891e-06,0.0090794,2.3857e-06
4.9,0.97703,0.0034666,9.3253e-08,0.0094799,2.2677e-06,0.020217,0,0.03617,1.4387e-07,0.011145,2.4452e-07,0.0072205,2.8169e-07,0.018947,0,0.0095334,2.434e-06
4.95,0.9768,0.0033839,1.3237e-06,0.0073126,9.7999e-07,0.020237,6.664e-07,0.032588,1.1636e-06,0.01387,2.3368e-06,0.0056932,2.5167e-06,0.017082,4.9442e-07,0.011,4.6315e-07
5,0.97656,0.0013494,6.6476e-07,0.0081568,2.4569e-07,0.020718,1.4526e-06,0.034938,2.3123e-06,0.013523,1.3615e-06,0.007679,0,0.015363,1.9765e-06,0.0075422,1.8738e-06
5.05,0.97633,0.00286,1.4924e-07,0.0092462,1.3715e-06,0.017784,1.1867e-06,0.036678,2.9992e-07,0.011308,6.2611e-07,0.0089475,2.5471e-06,0.016072,0,0.0094876,9.2057e-07
5.1,0.97609,0.0023931,2.2578e-06,0.0085223,3.6338e-07,0.0183,1.1219e-06,0.033504,2.1041e-06,0.014711,2.5614e-07,0.012875,1.1519e-06,0.019819,1.8637e-07,0.0088376,2.7908e-06
5.15,0.97586,0.0046046,4.5812e-08,0.008789,4.4341e-07,0.023609,2.2933e-06,0.034201,3.9664e-07,0.016365,0,0.011626,8.4497e-07,0.01348,3.4311e-06,0.0087973,1.0471e-06
5.2,0.97562,0.0057715,1.4929e-07,0.010934,2.2875e-06,0.026488,4.9361e-06,0.034999,2.913e-06,0.020786,4.6881e-07,0.012781,0,0.014814,2.8513e-06,0.011598,6.3016e-07
5.25,0.97539,0.0069087,1.0833e-07,0.010248,2.3517e-06,0.027268,1.3791e-06,0.036214,1.7815e-06,0.016082,9.9529e-07,0.013396,2.3659e-06,0.016982,2.7527e-06,0.010616,0
5.3,0.97516,0.0083284,9.743e-07,0.0059913,1.9053e-06,0.025502,2.1527e-07,0.033973,4.4045e-06,0.010595,2.7132e-07,0.016078,6.0667e-07,0.015554,1.189e-06,0.0099003,3.2183e-07
5.35,0.97492,0.0073957,6.2444e-07,0.00563,2.5682e-07,0.02567,8.7847e-07,0.032386,7.0503e-07,0.0096113,1.6058e-06,0.019694,3.7676e-07,0.017658,1.0596e-06,0.0064249,1.6542e-07
5.4,0.97469,0.0095651,1.4253e-06,0.002917,5.0706e-06,0.026334,3.8174e-07,0.033873,9.1206e-08,0.0056598,6.7832e-07,0.021131,1.9251e-07,0.016408,2.0153e-06,0.0073702,3.25e-07
5.45,0.97445,0.0096793,9.4662e-07,0.0035224,2.147e-07,0.027384,7.3764e-07,0.029753,1.181e-06,0.0065777,2.2255e-06,0.021966,1.1954e-06,0.013964,1.1333e-06,0.0081506,9.7876e-07
5.5,0.97422,0.012251,1.821e-06,0.0062755,1.9228e-06,0.026,8.3661e-07,0.029478,7.5386e-07,0.0075987,9.3351e-07,0.024945,1.2874e-06,0.013313,2.396e-06,0.0069367,7.86e-07
5.55,0.97398,0.013073,1.2623e-06,0.00038154,2.9383e-07,0.02336,9.2241e-07,0.029791,1.4841e-06,0.0062412,2.2444e-06,0.022258,8.2891e-07,0.015131,2.0941e-06,0.0058258,6.703e-07
5.6,0.97375,0.012537,6.1471e-08,0.0025929,2.4127e-08,0.021097,8.6299e-07,0.027956,2.9207e-07,0.0050886,8.6944e-07,0.02223,3.2917e-07,0.017185,2.352e-06,0.00893,1.1346e-06
5.65,0.97352,0.012498,8.2654e-07,0.0024953,1.6472e-06,0.021115,7.8817e-07,0.030992,2.9131e-06,0.0084942,1.3172e-06,0.022183,5.7982e-07,0.017515,7.6505e-08,0.009304,3.6343e-07
5.7,0.97328,0.012784,4.2079e-08,0.0013409,2.1105e-06,0.018657,3.9453e-06,0.032928,3.926e-07,0.0060724,5.9946e-07,0.022531,1.3893e-06,0.017096,1.4191e-06,0.014944,2.3986e-07
5.75,0.97305,0.015377,1.6006e-06,0.00026148,3.3159e-07,0.017454,1.75e-06,0.032239,1.9618e-06,0.0077684,1.567e-06,0.022196,1.0334e-06,0.015445,0,0.012034,1.2068e-06
5.8,0.97281,0.012565,7.9757e-07,0.00014647,1.1582e-06,0.019806,1.6393e-06,0.028647,1.5308e-06,0.0052475,6.4372e-07,0.021184,2.2707e-06,0.011944,1.2041e-06,0.012701,2.8044e-07
5.85,0.97258,0.013061,0,0.00097684,3.182e-07,0.019916,0,0.026961,3.5779e-07,0.0069875,1.0233e-06,0.021959,1.4093e-06,0.0069066,3.5718e-07,0.016661,1.0712e-06
5.9,0.97234,0.010101,7.8923e-07,0.00045687,8.0867e-07,0.017685,1.5193e-06,0.025502,0,0.0080091,6.5383e-07,0.02293,1.0021e-06,0.0037967,3.5817e-07,0.014089,5.262e-07
5.95,0.97211,0.005914,5.4456e-08,0.00019143,9.6409e-07,0.020149,0,0.024448,3.6415e-08,0.0083985,2.3138e-06,0.021345,2.5994e-06,0.0057945,1.7201e-06,0.017775,3.0307e-07
6,0.97188,0.002977,0,0.0031006,1.3961e-06,0.020102,9.0633e-07,0.024177,7.3797e-07,0.0085455,3.0511e-06,0.022668,3.3231e-07,0.001255,3.5449e-07,0.018923,3.8108e-08
6.05,0.97164,0.0017978,0,0.0026424,2.0033e-06,0.018166,7.0379e-07,0.023605,2.2166e-07,0.0085901,2.1644e-06,0.025092,0,0.002987,6.2357e-07,0.019451,0
6.1,0.97141,0.0023432,3.9523e-07,0.0055332,9.4779e-07,0.023563,0,0.026636,1.5004e-07,0.0078719,4.4294e-07,0.026259,3.6005e-06,0.0021317,1.557e-06,0.018612,2.3889e-07
6.15,0.97117,0.0015168,1.182e-07,0.0062152,4.2416e-07,0.025249,1.9102e-06,0.026397,1.7523e-06,0.009471,0,0.02721,1.5243e-06,0.00077386,3.0528e-07,0.021365,1.0613e-06
6.2,0.97094,0.0024107,4.4037e-07,0.0053911,8.9351e-07,0.028825,3.6645e-07,0.024071,0,0.0079766,1.4086e-06,0.026743,5.2421e-07,0.0012356,2.076e-06,0.02196,1.3206e-06
6.25,0.9707,0.0033616,1.0468e-06,0.0035219,3.591e-07,0.031572,1.5408e-06,0.02399,1.1393e-07,0.0065177,3.3194e-07,0.028735,2.4216e-06,0.0020562,0,0.021654,9.7698e-07
6.3,0.97047,0.005581,1.4841e-06,0.0050444,1.4511e-06,0.029514,3.565e-07,0.023336,1.9358e-06,0.0082274,1.4478e-07,0.024949,3.5349e-07,0.0023099,3.0817e-07,0.020732,3.9805e-07
6.35,0.97023,0.0036159,3.6424e-07,0.0080006,8.913e-07,0.029024,3.2741e-07,0.020047,6.1199e-07,0.0079541,1.5577e-06,0.023544,7.5623e-07,0.00024099,1.4986e-08,0.020631,4.165e-07
6.4,0.97,0.0018431,1.4854e-06,0.0095243,2.1639e-06,0.027904,1.3285e-06,0.018487,1.2811e-06,0.010306,1.404e-06,0.024063,9.2691e-07,0.0033138,1.2338e-06,0.017258,4.4557e-08
6.45,0.96977,0.0005374,7.1961e-07,0.014163,8.1024e-07,0.029516,9.4001e-07,0.02366,1.1845e-06,0.013406,1.929e-06,0.026387,2.3972e-07,0.0085437,5.5535e-07,0.015018,5.0334e-08
6.5,0.96953,0.0021604,3.6988e-08,0.013402,0,0.028956,3.4246e-07,0.025313,6.0021e-07,0.016566,1.4729e-07,0.0226,1.9741e-06,0.0102,8.5628e-07,0.015881,0
6.55,0.9693,0.002497,3.319e-06,0.011976,1.0223e-06,0.029841,0,0.024286,1.1854e-06,0.01572,8.3832e-09,0.022242,4.5146e-07,0.015206,1.9561e-06,0.017415,4.3987e-07
6.6,0.96906,0.002937,2.1043e-06,0.011985,1.9541e-07,0.02874,2.6348e-06,0.02141,2.0538e-06,0.015477,0,0.025895,2.7847e-06,0.016533,2.6812e-06,0.014246,1.1312e-06
6.65,0.96883,0.0027987,5.2162e-07,0.014155,1.1438e-06,0.028816,3.3222e-06,0.020292,0,0.016302,1.1437e-06,0.02525,1.1273e-06,0.013919,1.1384e-06,0.013823,6.0755e-07
6.7,0.96859,0.0028706,1.4621e-06,0.013762,0,0.025514,2.8281e-06,0.021981,1.6941e-06,0.016093,1.9513e-06,0.024288,1.4693e-06,0.012902,1.002e-07,0.019443,2.3453e-07
6.75,0.96836,0.0046737,2.7664e-06,0.012946,1.2435e-06,0.026087,2.9879e-06,0.025819,1.5408e-06,0.018865,2.3817e-06,0.023649,9.0991e-08,0.012979,6.754e-07,0.019741,0
6.8,0.96813,0.010449,2.8826e-06,0.014607,0,0.026353,3.2861e-07,0.025889,1.0759e-07,0.018483,5.1048e-07,0.02541,1.1288e-06,0.014611,1.5196e-06,0.023344,2.9716e-07
6.85,0.96789,0.0061084,1.8355e-07,0.012341,8.5019e-09,0.028299,1.6048e-06,0.023882,1.6715e-06,0.016915,2.2243e-06,0.023236,1.5228e-06,0.01571,5.0165e-07,0.02358,0
6.9,0.96766,0.0056242,5.4108e-07,0.012532,1.0138e-06,0.028895,3.5026e-07,0.021684,2.9642e-07,0.018532,9.6856e-07,0.025033,3.3998e-08,0.018197,1.4288e-06,0.021184,1.5139e-06
6.95,0.96742,0.0050711,1.2326e-06,0.013246,2.8938e-06,0.028514,1.7305e-06,0.022193,6.8969e-07,0.0196,1.4415e-06,0.022728,1.8191e-06,0.018209,8.624e-07,0.022088,3.988e-07
7,0.96719,0.0050723,2.5859e-07,0.011668,1.7702e-06,0.031058,1.2256e-07,0.019766,7.7209e-07,0.020416,1.0414e-06,0.019272,3.4326e-07,0.014868,1.9153e-08,0.020452,8.3748e-08
7.05,0.96695,0.0034446,8.3909e-08,0.011538,3.0852e-06,0.031676,1.7901e-06,0.016399,2.7025e-06,0.020398,1.6534e-06,0.018502,1.8535e-06,0.014379,7.7833e-07,0.021249,1.39e-06
7.1,0.96672,0.0065886,8.994e-07,0.0074001,3.0179e-06,0.031628,2.8381e-06,0.015497,9.4297e-07,0.021419,3.2485e-06,0.015197,1.1191e-06,0.015698,1.6408e-06,0.023591,0
7.15,0.96648,0.0079293,5.7083e-07,0.0092367,1.349e-06,0.032083,1.458e-07,0.014728,3.5275e-07,0.022953,2.6163e-06,0.012382,7.788e-07,0.014225,2.7317e-06,0.024571,2.1331e-07
7.2,0.96625,0.0089362,1.5028e-06,0.0058736,3.1882e-07,0.031622,9.8349e-07,0.017087,2.6976e-06,0.025928,2.09e-07,0.013195,5.5985e-08,0.0093869,6.3429e-07,0.026988,0
7.25,0.96602,0.008974,9.5848e-07,0.0075665,2.7476e-07,0.03099,0,0.019185,6.4827e-07,0.025165,5.44e-07,0.012791,2.7639e-06,0.0064263,1.0369e-07,0.029822,2.2188e-06
7.3,0.96578,0.0091804,6.4055e-07,0.011375,1.4098e-06,0.030647,7.7016e-07,0.020468,2.5107e-07,0.021618,1.7181e-07,0.016527,2.7609e-06,0.0057892,2.433e-06,0.030855,3.1212e-06
7.35,0.96555,0.0094097,0,0.012343,8.0262e-07,0.032967,5.3851e-07,0.023084,9.9823e-08,0.021239,1.3477e-07,0.012613,2.4489e-06,0.0067547,1.9642e-06,0.034715,1.8666e-06
7.4,0.96531,0.0087146,7.4451e-09,0.017924,1.2809e-07,0.033635,9.9928e-07,0.019452,1.8416e-06,0.023586,2.682e-06,0.014263,7.453e-07,0.008803,8.8739e-08,0.033982,4.0338e-06
7.45,0.96508,0.011189,1.6266e-06,0.016612,6.631e-07,0.034875,6.3808e-07,0.023126,4.4269e-07,0.019631,1.4805e-06,0.017363,1.0441e-06,0.012791,4.8118e-07,0.035513,3.5489e-06
7.5,0.96484,0.0096294,2.2331e-06,0.015504,1.9734e-06,0.034229,4.5321e-07,0.02475,6.4192e-07,0.019716,9.4768e-07,0.018988,7.5071e-07,0.011689,1.3851e-06,0.03492,1.392e-07
7.55,0.96461,0.012426,2.6235e-07,0.014147,0,0.03209,2.9552e-06,0.024634,3.4828e-06,0.020798,2.1239e-06,0.019617,4.354e-06,0.014828,1.7674e-06,0.033611,1.4611e-06
7.6,0.96437,0.011622,1.3953e-06,0.014912,1.4297e-06,0.031929,9.1204e-07,0.02229,3.8275e-06,0.020106,0,0.021097,2.6124e-06,0.012851,1.0638e-06,0.031995,7.3892e-08
7.65,0.96414,0.0092056,0,0.019206,2.9013e-06,0.035049,3.7079e-06,0.018278,0,0.017878,4.3804e-07,0.018209,2.0537e-06,0.014074,3.382e-07,0.029164,1.6683e-07
7.7,0.96391,0.0094321,2.9868e-07,0.017051,1.7006e-06,0.031949,1.065e-07,0.020525,1.3104e-07,0.016982,9.3919e-07,0.018785,1.2472e-06,0.012335,9.0405e-07,0.031405,1.6418e-06
7.75,0.96367,0.0086298,1.5948e-07,0.015686,9.6943e-07,0.032091,2.2369e-08,0.020572,8.2577e-07,0.017321,9.2109e-07,0.016587,2.2209e-07,0.011132,5.182e-07,0.029197,1.1733e-06
7.8,0.96344,0.0091424,6.7519e-07,0.01795,2.1498e-07,0.031767,6.5568e-07,0.018723,1.8256e-06,0.018154,8.7687e-07,0.015762,0,0.013604,3.6431e-07,0.026918,3.33e-06
7.85,0.9632,0.009096,1.7373e-06,0.018412,6.9138e-07,0.029906,1.7559e-06,0.019216,0,0.017908,7.2222e-07,0.014393,1.039e-07,0.016162,1.6254e-06,0.024244,5.2767e-06
7.9,0.96297,0.01156,2.4258e-06,0.016636,8.7049e-07,0.028599,4.5068e-07,0.017645,3.2194e-06,0.017378,6.6359e-07,0.01504,7.1592e-07,0.013966,3.4432e-06,0.027216,2.128e-06
7.95,0.96273,0.011518,1.7775e-06,0.018791,1.6476e-06,0.028106,9.3735e-07,0.014416,2.9676e-07,0.018802,1.3524e-06,0.013037,1.2622e-07,0.014347,1.995e-07,0.022975,5.1423e-07
8,0.9625,0.014112,1.3802e-07,0.021881,1.1661e-06,0.029626,3.594e-07,0.017899,3.765e-07,0.019151,2.3758e-06,0.013035,9.5745e-08,0.014329,6.7102e-07,0.022288,1.6643e-06
8.05,0.96227,0.010904,1.2037e-06,0.019738,1.4712e-06,0.027689,1.2087e-06,0.018427,9.4369e-07,0.023029,6.9598e-07,0.015023,2.1518e-06,0.012686,2.4795e-06,0.018385,1.5916e-07
8.1,0.96203,0.011418,0,0.018511,1.7577e-06,0.02402,8.0083e-07,0.020007,9.8779e-07,0.022385,1.1699e-06,0.016824,3.0655e-06,0.015334,1.4516e-06,0.021552,1.4934e-06
8.15,0.9618,0.011313,9.8979e-08,0.019634,1.1869e-06,0.025935,3.0469e-06,0.021734,2.5103e-06,0.019756,2.0052e-06,0.014291,5.9519e-07,0.0097224,1.022e-06,0.022379,1.667e-06
8.2,0.96156,0.014101,3.1588e-06,0.019478,5.2096e-07,0.023803,1.6904e-06,0.017734,2.1589e-06,0.021096,4.9261e-06,0.013834,1.9062e-06,0.011885,1.3669e-06,0.024275,6.4511e-07
8.25,0.96133,0.012566,1.0605e-06,0.02133,2.7759e-06,0.019994,4.1755e-07,0.016287,7.0793e-07,0.019991,1.3204e-06,0.010056,0,0.011976,8.1126e-07,0.02281,9.4644e-07
8.3,0.96109,0.013503,1.4165e-06,0.020023,3.2083e-07,0.023936,2.7351e-07,0.014786,1.4826e-06,0.019864,7.0295e-07,0.0094311,6.8741e-07,0.012453,1.3105e-07,0.022899,2.9435e-06
8.35,0.96086,0.01357,1.3344e-06,0.020802,1.0639e-06,0.022245,1.3854e-06,0.016851,1.6362e-06,0.017213,7.2382e-07,0.010872,8.6645e-07,0.012764,4.1734e-07,0.026867,3.1871e-06
8.4,0.96062,0.014345,3.3648e-06,0.02158,3.1908e-06,0.018147,1.8504e-06,0.015642,8.2327e-07,0.018679,9.25e-07,0.011914,6.8804e-07,0.015585,0,0.025483,1.2875e-06
8.45,0.96039,0.017155,3.532e-07,0.028354,1.6955e-06,0.016619,1.2007e-07,0.01434,0,0.018849,4.5743e-07,0.010486,1.4761e-06,0.014688,5.8186e-07,0.022636,1.9366e-06
8.5,0.96016,0.020145,8.5012e-07,0.029355,3.6158e-06,0.015891,1.9999e-07,0.013175,1.2616e-06,0.018911,1.2736e-07,0.014528,3.328e-07,0.014069,0,0.023443,1.6997e-06
8.55,0.95992,0.018314,2.0765e-06,0.029604,1.8221e-06,0.015144,5.3233e-07,0.010731,5.2366e-07,0.020364,2.5595e-06,0.01727,1.0563e-06,0.013461,9.6631e-07,0.021331,1.7954e-06
8.6,0.95969,0.018176,1.2907e-06,0.029341,3.804e-06,0.012951,2.1537e-07,0.013163,1.7221e-06,0.01817,2.9313e-06,0.01679,1.3354e-06,0.012458,1.2217e-06,0.018921,8.612e-07
8.65,0.95945,0.018156,3.977e-07,0.032643,0,0.012965,1.3091e-06,0.012037,6.5795e-07,0.017281,9.692e-07,0.016155,8.3308e-07,0.014204,8.2328e-07,0.019726,2.5467e-06
8.7,0.95922,0.017412,1.3122e-06,0.033074,1.2473e-06,0.01351,5.9949e-07,0.013701,8.6205e-07,0.019246,6.3181e-07,0.012495,2.5449e-06,0.014245,1.7946e-06,0.018009,8.425e-08
8.75,0.95898,0.017129,0,0.034343,3.046e-06,0.013007,2.1244e-07,0.012768,1.0375e-06,0.020267,1.2222e-06,0.011552,9.052e-07,0.018855,1.1914e-06,0.017793,0
8.8,0.95875,0.012693,1.6605e-07,0.035626,1.3684e-06,0.012433,7.839e-07,0.012246,1.3649e-07,0.024154,1.1024e-06,0.012661,1.8161e-06,0.021214,2.8887e-07,0.015336,1.7896e-06
8.85,0.95852,0.013739,1.1752e-06,0.037389,3.5356e-06,0.013198,7.265e-07,0.0098215,2.2448e-06,0.021517,1.6204e-06,0.016577,1.4828e-06,0.022528,2.1359e-06,0.019419,4.5849e-07
8.9,0.95828,0.019859,6.2833e-07,0.03791,2.4663e-06,0.012672,3.0417e-06,0.0073143,3.1262e-06,0.020907,1.6387e-06,0.019225,1.2075e-06,0.024111,3.6051e-06,0.020416,8.0165e-09
8.95,0.95805,0.01876,3.2085e-06,0.035377,0,0.0099802,3.8524e-07,0.0020424,1.3541e-06,0.019532,1.8971e-06,0.016251,1.5715e-06,0.024865,1.5091e-07,0.021541,0
9,0.95781,0.016792,2.5569e-06,0.034171,3.2172e-07,0.010232,6.5685e-07,0.0022873,1.3898e-06,0.019566,1.91e-06,0.016215,0,0.02836,1.5053e-06,0.022256,1.5786e-06
9.05,0.95758,0.018426,2.7864e-06,0.034044,2.8019e-06,0.010808,4.4315e-07,0.00026879,6.8591e-07,0.023713,5.7801e-07,0.015067,2.6225e-07,0.030892,3.4222e-06,0.023786,2.3915e-06
9.1,0.95734,0.021807,6.3572e-07,0.035523,3.807e-06,0.012444,8.5413e-07,0.0012129,9.8335e-07,0.02151,1.7462e-06,0.013085,1.6889e-07,0.030196,3.9655e-06,0.023945,2.1987e-06
9.15,0.95711,0.025563,8.3619e-07,0.036746,9.3594e-07,0.010372,0,0.0029744,1.1322e-06,0.021109,4.2099e-07,0.010834,1.7787e-06,0.027181,2.6149e-06,0.022177,1.77e-06
9.2,0.95688,0.028067,1.4121e-06,0.03375,1.1031e-06,0.011096,9.5213e-07,0.0071038,1.4148e-06,0.021338,5.3323e-07,0.012413,5.4254e-07,0.027127,2.5602e-06,0.021802,8.8598e-07
9.25,0.95664,0.030438,4.3638e-07,0.032923,1.5936e-06,0.015044,1.3846e-06,0.0093864,7.6666e-07,0.019213,3.2087e-06,0.0079947,6.1252e-07,0.022796,1.8177e-06,0.022619,7.6093e-07
9.3,0.95641,0.03337,0,0.033784,1.5946e-06,0.014547,3.3177e-07,0.0054801,8.9068e-07,0.015403,3.3487e-06,0.0061437,4.69e-07,0.022428,3.8135e-07,0.022739,1.6309e-07
9.35,0.95617,0.033782,2.3729e-06,0.036642,4.803e-06,0.021734,1.7437e-06,0.0057611,8.6145e-07,0.015522,2.7023e-06,0.0017687,1.1948e-06,0.023358,2.1112e-06,0.027453,6.7179e-07
9.4,0.95594,0.031733,2.5359e-06,0.037895,4.4664e-06,0.023781,1.6859e-06,0.0077109,1.3556e-07,0.018405,2.8034e-07,0.0029492,3.1301e-07,0.023009,0,0.024595,7.276e-07
9.45,0.9557,0.031456,1.3891e-06,0.037488,1.1567e-06,0.025259,0,0.0056935,1.4226e-06,0.018075,3.0127e-07,1.3546e-05,4.1846e-07,0.023926,1.2585e-07,0.029115,6.1603e-07
9.5,0.95547,0.02948,1.6607e-06,0.03721,1.311e-06,0.030478,8.8905e-07,0.0060519,1.813e-06,0.017473,5.0499e-07,0.0036267,4.3418e-07,0.02853,0,0.027905,2.6402e-06
9.55,0.95523,0.032598,8.754e-08,0.036186,1.4397e-07,0.031444,1.6957e-06,0.0071375,7.4561e-07,0.0163,2.1937e-06,0.0057911,1.4185e-06,0.02777,1.5222e-06,0.024863,2.0244e-06
9.6,0.955,0.032238,5.6732e-07,0.035762,2.5525e-07,0.02767,4.3034e-07,0.007935,1.7787e-07,0.015941,8.6676e-07,0.0054624,3.6585e-07,0.026965,2.8998e-06,0.028575,1.0544e-06
9.65,0.95477,0.034209,6.2539e-08,0.035527,2.222e-06,0.028974,3.2099e-06,0.00612,3.9353e-07,0.018126,6.7381e-07,0.0040384,1.4897e-06,0.028013,1.1751e-06,0.030514,4.9097e-08
9.7,0.95453,0.032623,0,0.03397,1.6373e-06,0.023827,3.2528e-06,0.0043766,3.116e-06,0.017735,7.7819e-07,0.00417,1.8905e-06,0.02718,1.6504e-06,0.028719,5.0201e-07
9.75,0.9543,0.035364,3.2894e-06,0.030555,2.1663e-06,0.022952,0,0.0069668,0,0.018989,9.1362e-07,0.0050275,3.9458e-06,0.026154,0,0.027384,2.6656e-06
9.8,0.95406,0.035848,2.1513e-07,0.031968,1.7416e-06,0.022456,1.5599e-06,0.0095118,2.8601e-07,0.016166,0,0.0027108,6.8218e-07,0.021784,0,0.029072,2.8423e-06
9.85,0.95383,0.035975,9.4037e-07,0.032806,2.0394e-06,0.022107,2.4125e-06,0.012822,4.9351e-07,0.017609,2.3209e-07,0.0019846,1.9684e-06,0.019368,7.9593e-07,0.02687,1.0513e-06
9.9,0.95359,0.034656,0,0.031772,3.7089e-06,0.024831,1.628e-06,0.0125,1.9764e-06,0.015342,4.4815e-07,0.00070977,1.971e-07,0.017157,9.1092e-07,0.025078,5.9977e-07
9.95,0.95336,0.037724,2.1545e-06,0.035356,6.748e-07,0.022628,1.1685e-06,0.012254,2.3125e-06,0.0131,0,0.0046963,1.0215e-06,0.013454,1.8973e-06,0.025879,2.1757e-06
10,0.95312,0.040839,3.4285e-06,0.037544,6.878e-07,0.026275,9.7653e-07,0.011527,8.0148e-07,0.014096,9.4927e-07,0.0066988,7.6944e-07,0.011164,1.2747e-06,0.026952,1.7231e-06
10.05,0.95289,0.035715,4.1844e-06,0.040204,6.1307e-07,0.022436,1.0812e-06,0.012103,2.1049e-06,0.014652,2.6207e-06,0.0037502,9.9918e-07,0.0056154,3.4196e-06,0.024582,8.1985e-07
10.1,0.95266,0.034142,4.0347e-07,0.040576,2.0088e-06,0.021306,3.5592e-06,0.013602,9.4745e-07,0.016495,2.8283e-07,0.0039239,5.3205e-07,0.00066002,4.0901e-06,0.025301,6.9923e-07
10.15,0.95242,0.033169,2.5911e-06,0.037261,0,0.023554,2.1959e-06,0.010414,5.2033e-07,0.017333,8.0598e-07,0.0043084,2.5915e-06,0.0027388,3.1706e-07,0.023669,0
10.2,0.95219,0.030222,2.5044e-07,0.032943,3.0877e-06,0.022027,9.2317e-07,0.01382,3.1953e-07,0.017607,5.2585e-08,0.0055247,3.1326e-09,0.0055266,8.7998e-07,0.022086,2.1769e-06
10.25,0.95195,0.027692,0,0.031301,1.031e-06,0.029251,1.3158e-06,0.013929,3.723e-07,0.017513,1.2621e-06,0.0036362,3.6941e-07,0.0036528,1.1277e-08,0.023304,1.0639e-06
10.3,0.95172,0.0304,1.5919e-06,0.032696,1.3247e-06,0.028789,2.0726e-06,0.01138,0,0.014252,1.4035e-06,0.0026866,7.5182e-07,0.0026526,1.5084e-06,0.021993,1.9636e-06
10.35,0.95148,0.030363,3.7244e-06,0.035509,5.9033e-07,0.032031,3.5706e-06,0.011546,6.9433e-07,0.017012,1.4037e-06,0.0036045,7.216e-07,0.0024303,2.7769e-07,0.02242,2.4084e-07
10.4,0.95125,0.031831,1.7369e-06,0.034376,3.6969e-07,0.030063,9.041e-07,0.008842,1.2903e-06,0.018391,1.2768e-07,0.0015629,8.3968e-07,0.0053754,4.5537e-07,0.025525,1.4847e-06
10.45,0.95102,0.033297,0,0.036141,1.7914e-06,0.028282,5.6447e-07,0.0087202,7.5162e-07,0.020792,1.3355e-06,0.0035446,9.5317e-07,0.0080778,2.7299e-07,0.021654,4.963e-07
10.5,0.95078,0.036039,6.8138e-07,0.032758,2.7123e-07,0.026921,1.6195e-06,0.011615,2.833e-06,0.016036,7.0092e-07,0.0058904,3.6895e-07,0.0089064,1.8687e-06,0.023642,3.2344e-07
10.55,0.95055,0.033022,4.7094e-07,0.030974,3.6061e-07,0.028099,8.1854e-07,0.0092799,2.5552e-09,0.015029,6.5176e-07,0.010211,9.5493e-08,0.0094911,9.3531e-07,0.022107,8.3673e-07
10.6,0.95031,0.029742,9.8653e-07,0.032336,5.6076e-07,0.02646,5.313e-07,0.0099629,4.5556e-07,0.012089,8.3293e-07,0.0097152,3.5782e-07,0.0096313,1.6351e-06,0.022945,4.1664e-07
10.65,0.95008,0.028781,1.1929e-06,0.033905,2.5861e-07,0.027102,2.9469e-06,0.011178,1.9375e-07,0.012961,4.8111e-07,0.010628,1.8776e-06,0.010714,8.6281e-07,0.025157,4.0063e-07
10.7,0.94984,0.029772,1.2341e-06,0.030515,2.1254e-07,0.028472,3.6465e-06,0.0069093,1.4308e-06,0.013448,5.6839e-07,0.0085171,1.1352e-06,0.0085021,0,0.025088,0
10.75,0.94961,0.030736,5.9637e-08,0.032692,0,0.02916,3.8923e-06,0.0056091,8.0111e-07,0.013943,1.5895e-07,0.010071,2.8014e-09,0.0080743,4.18e-07,0.024067,1.2038e-06
10.8,0.94937,0.029165,8.873e-07,0.031994,3.8286e-06,0.023653,1.4041e-06,0.010584,2.1814e-06,0.011633,2.048e-06,0.0092327,2.5138e-06,0.0071997,0,0.025564,5.586e-07
10.85,0.94914,0.030747,3.7507e-09,0.03566,4.6682e-06,0.023065,1.5956e-06,0.0070849,3.5884e-07,0.010058,1.4644e-06,0.0064557,7.5683e-07,0.0065751,2.6168e-06,0.025734,2.1631e-06
10.9,0.94891,0.032474,1.2337e-06,0.037437,1.1218e-06,0.023348,1.4448e-06,0.007408,7.5692e-07,0.0096381,1.1594e-06,0.008047,4.0169e-07,0.0047008,1.2412e-06,0.025026,5.1333e-08
10.95,0.94867,0.033957,2.8354e-06,0.039434,1.6884e-06,0.022964,2.0119e-06,0.010907,8.3555e-07,0.0061769,3.9519e-07,0.006624,1.3317e-06,0.004538,8.3598e-07,0.024335,3.3858e-07
11,0.94844,0.034431,1.488e-06,0.042556,0,0.022603,1.3529e-06,0.0093995,9.3164e-07,0.0064826,2.8599e-06,0.0075472,4.4523e-07,0.0055324,4.5561e-07,0.025343,1.3416e-06
11.05,0.9482,0.033922,1.8912e-06,0.043123,3.5717e-08,0.022651,4.2609e-07,0.010064,0,0.0048368,4.7753e-07,0.0085748,7.9907e-07,0.0087145,2.1582e-06,0.024618,1.0095e-06
11.1,0.94797,0.030138,8.4001e-07,0.042359,6.9046e-07,0.020933,1.9494e-06,0.011121,5.4621e-07,0.0059595,8.2994e-07,0.0089113,1.0274e-06,0.0079564,5.7376e-07,0.028663,0
11.15,0.94773,0.030005,0,0.04299,1.1872e-06,0.019254,1.5093e-06,0.009875,1.1298e-06,0.0048312,2.5648e-07,0.0070962,1.2947e-06,0.0049058,1.2415e-06,0.028722,0
11.2,0.9475,0.028928,3.6533e-06,0.044329,1.4598e-06,0.023424,1.786e-06,0.01062,2.8377e-07,0.0046617,6.2788e-07,0.0083673,1.4321e-06,0.0059278,6.0023e-07,0.031545,1.5983e-06
11.25,0.94727,0.023655,3.6275e-06,0.042655,1.1884e-06,0.021013,5.3194e-07,0.012503,0,0.0042087,5.1213e-07,0.0093533,8.7916e-07,0.00643,4.1699e-07,0.029232,6.512e-07
11.3,0.94703,0.020676,1.4135e-06,0.044575,3.2076e-07,0.018967,2.2801e-07,0.0094691,1.247e-06,0.0058021,1.6574e-06,0.011712,6.9583e-07,0.0075587,2.3614e-06,0.030085,1.5139e-07
11.35,0.9468,0.020654,1.5473e-06,0.043188,2.3435e-08,0.018767,0,0.0092914,1.1702e-06,0.00562,1.1216e-06,0.012296,7.9983e-07,0.0096657,3.2666e-07,0.032887,3.55e-07
11.4,0.94656,0.022525,4.101e-07,0.043267,7.3052e-07,0.020048,8.32e-07,0.005283,2.9088e-06,0.0029612,4.0918e-07,0.0097017,1.4307e-07,0.0057316,0,0.031618,1.1466e-06
11.45,0.94633,0.023516,2.3469e-06,0.043252,3.0765e-06,0.019416,2.1277e-06,0.0064471,0,0.0049775,1.7218e-07,0.010621,1.5839e-06,0.006011,1.2211e-06,0.035857,1.0914e-06
11.5,0.94609,0.02182,1.4308e-06,0.046332,1.1863e-06,0.020229,4.65e-07,0.0088785,9.4503e-07,0.0024379,2.4518e-07,0.01021,3.3908e-07,0.0080415,2.5846e-06,0.035492,1.1191e-06
11.55,0.94586,0.024712,2.1954e-07,0.044607,3.6526e-07,0.021348,6.1075e-07,0.010718,9.447e-07,0.0032029,1.9431e-07,0.010267,9.1009e-08,0.011472,3.4097e-07,0.032781,1.6415e-07
11.6,0.94563,0.023765,1.5909e-06,0.044011,3.0412e-07,0.021122,3.1372e-06,0.011989,0,0.0040429,8.0497e-08,0.011711,4.4308e-07,0.0091911,8.9399e-07,0.0338,0
11.65,0.94539,0.023548,2.1672e-06,0.046081,5.4157e-07,0.017564,3.642e-06,0.01082,2.9398e-06,0.0027167,8.7195e-07,0.011981,7.9972e-07,0.0068545,2.0677e-06,0.033087,8.4135e-07
11.7,0.94516,0.021083,1.0319e-06,0.045993,1.5669e-06,0.022153,9.1747e-07,0.0094567,1.6801e-06,0.002101,3.5005e-06,0.012991,1.846e-06,0.0037442,1.061e-06,0.032326,2.1038e-06
11.75,0.94492,0.021881,1.4842e-06,0.04438,3.7079e-06,0.017065,1.9049e-06,0.014847,7.0678e-07,0.0024123,1.9699e-06,0.012545,5.66e-07,0.0046543,9.2234e-07,0.030058,2.7406e-06
11.8,0.94469,0.022781,1.8034e-06,0.04531,2.3396e-06,0.01607,2.1135e-07,0.015139,1.2211e-06,0.0019104,8.4599e-07,0.013256,7.9174e-07,0.0054093,1.8922e-06,0.029701,2.0396e-06
11.85,0.94445,0.022972,2.6788e-06,0.042816,1.5325e-06,0.017758,2.5137e-06,0.012979,8.7073e-07,0.0010561,2.1601e-06,0.012374,4.4593e-07,0.005735,3.04e-06,0.030329,1.9334e-06
11.9,0.94422,0.018181,1.0356e-06,0.043604,2.1301e-06,0.020567,9.4056e-07,0.010815,8.7379e-07,0,3.3173e-07,0.013115,1.8736e-06,0.0053648,1.1769e-06,0.031665,2.2159e-06
11.95,0.94398,0.017122,1.6813e-07,0.042764,2.5792e-06,0.021928,8.3397e-07,0.0063891,1.7895e-06,0.0019348,1.4865e-06,0.013039,1.405e-06,0.0078979,1.2171e-06,0.033044,2.9661e-06
12,0.94375,0.019636,1.1608e-07,0.04424,7.708e-06,0.025126,2.2383e-06,0.005803,3.4564e-06,0.0034218,7.8598e-07,0.012425,6.5157e-07,0.0077598,1.483e-07,0.030561,3.1122e-06
12.05,0.94352,0.016893,0,0.042678,3.2239e-06,0.026092,6.507e-07,0.0074698,1.8596e-06,0.0012356,1.2877e-06,0.012928,0,0.0033766,1.4058e-06,0.032579,9.2671e-07
12.1,0.94328,0.014684,1.5344e-06,0.044094,1.5008e-06,0.024149,5.3786e-07,0.0093954,4.4677e-07,0.0029027,6.7913e-07,0.0092464,8.2044e-07,0.0053798,4.7286e-07,0.030118,2.7972e-06
12.15,0.94305,0.014496,8.5224e-07,0.046337,2.9169e-06,0.028242,7.9901e-07,0.011094,4.3696e-07,0.0041891,5.2296e-07,0.014271,2.5774e-06,0.0051754,7.214e-07,0.029088,4.1501e-06
12.2,0.94281,0.014498,1.0316e-06,0.046975,2.8647e-06,0.028642,3.4633e-06,0.010498,1.7434e-06,0.0056901,9.8772e-07,0.013959,0,0.0080012,3.4027e-06,0.026976,3.725e-07
12.25,0.94258,0.016313,5.8214e-07,0.047366,3.9804e-06,0.029132,1.4208e-06,0.01044,1.0297e-06,0.0048074,0,0.013252,6.7538e-09,0.008012,1.7059e-06,0.028643,1.5493e-06
12.3,0.94234,0.015832,2.3461e-06,0.050069,5.424e-06,0.025741,8.2662e-07,0.011762,1.1117e-06,0.0023873,0,0.012874,3.7437e-08,0.0059679,2.3439e-07,0.032244,1.4644e-06
12.35,0.94211,0.017148,1.5511e-06,0.051063,4.1088e-06,0.027938,1.872e-07,0.010321,4.204e-08,0.0015403,9.3077e-07,0.013278,0,0.0057108,2.3185e-07,0.030666,1.0976e-06
12.4,0.94188,0.017127,1.2298e-06,0.052741,7.6577e-07,0.028712,5.0339e-06,0.011339,2.3127e-06,0.0017734,8.7087e-08,0.015187,1.7766e-07,0.0051901,1.7593e-06,0.030652,2.172e-06
12.45,0.94164,0.019203,1.163e-06,0.055362,1.8644e-06,0.028418,3.7003e-06,0.0099559,1.3397e-06,0.0016678,1.1829e-06,0.020144,4.1272e-07,0.0040997,7.9872e-07,0.033275,2.298e-06
12.5,0.94141,0.020042,1.5488e-09,0.055424,6.8078e-06,0.024757,1.4445e-06,0.0094554,1.0092e-06,0.0016299,1.8152e-07,0.02228,2.4037e-06,0.0046468,1.0522e-06,0.035282,1.3963e-06
12.55,0.94117,0.021215,0,0.050893,1.2422e-06,0.021131,4.8878e-07,0.0086555,1.2076e-07,0.0022968,1.4594e-06,0.023995,2.4595e-06,0.0058526,0,0.036562,2.7725e-06
12.6,0.94094,0.025183,1.9121e-06,0.050618,1.1944e-07,0.020378,2.9706e-07,0.0062235,1.8107e-06,0.00060238,2.4394e-06,0.024183,3.0676e-07,0.0018135,1.5075e-06,0.036126,4.0124e-07
12.65,0.9407,0.026974,5.095e-07,0.048717,1.4822e-06,0.019219,1.9164e-06,0.0069345,4.0813e-06,0.0032502,2.8696e-07,0.025955,6.8022e-07,0.00042124,2.2166e-08,0.035565,2.0084e-06
12.7,0.94047,0.0265,9.3729e-07,0.049611,7.9718e-07,0.017287,1.2761e-06,0.0085949,6.7277e-07,0.0069066,4.6921e-07,0.026119,1.0984e-06,0.003031,8.0414e-07,0.03719,6.6042e-07
12.75,0.94023,0.033428,3.2066e-06,0.052345,1.4302e-07,0.015552,1.2669e-06,0.0070402,1.3448e-06,0.0081576,2.1282e-06,0.023441,0,0.0024628,8.9741e-07,0.034067,1.5578e-06
12.8,0.94,0.033617,4.2107e-06,0.051469,0,0.021824,2.6764e-06,0.0063455,2.4827e-07,0.0058298,2.9069e-07,0.025369,1.934e-06,0.0054625,9.1202e-07,0.030771,1.0053e-06
12.85,0.93977,0.031372,1.9733e-06,0.052337,0,0.020061,3.0962e-06,0.00718,5.2541e-07,0.0048938,8.9494e-07,0.024579,0,0.0016937,1.6631e-07,0.030165,1.3315e-06
12.9,0.93953,0.034014,2.0633e-06,0.054771,1.6927e-06,0.019285,2.0512e-07,0.0078268,1.5709e-07,0.0050903,1.4055e-06,0.021934,1.7279e-06,0.00035847,1.5319e-06,0.03124,1.3954e-06
12.95,0.9393,0.037708,2.2697e-07,0.056189,3.5737e-06,0.021774,4.1982e-07,0.0075286,2.6504e-07,0.0056538,3.832e-07,0.019284,9.6758e-07,0.0028381,1.258e-06,0.03462,3.3319e-06
13,0.93906,0.038784,3.026e-07,0.056828,4.7581e-06,0.020492,2.4873e-07,0.007256,2.4801e-07,0.0050049,1.2693e-06,0.02291,1.342e-06,0.0038585,0,0.032408,3.4375e-06
13.05,0.93883,0.038064,1.9263e-07,0.05147,3.6811e-06,0.018534,1.0585e-06,0.0062082,0,0.0062013,0,0.022029,1.7629e-06,0.0038737,2.3708e-06,0.032796,1.4213e-06
13.1,0.93859,0.040119,8.6575e-07,0.052771,4.3575e-06,0.016772,4.2333e-06,0.0073676,4.2306e-07,0.0082106,1.203e-06,0.020809,4.8766e-07,0.00275,5.021e-07,0.033753,0
13.15,0.93836,0.03841,1.3669e-06,0.053258,4.2848e-06,0.015255,1.5594e-06,0.010696,1.3578e-06,0.0043321,2.6325e-07,0.024812,1.2521e-07,0.0057221,8.1674e-07,0.032688,2.4324e-06
13.2,0.93812,0.036752,1.895e-06,0.050787,4.0017e-06,0.015828,2.3602e-07,0.0085107,9.7722e-08,0.0063935,3.7808e-07,0.026078,5.0569e-07,0.00042247,1.6883e-06,0.034065,2.0099e-06
13.25,0.93789,0.034609,2.1958e-06,0.052741,1.1677e-06,0.01526,1.4473e-06,0.0067952,1.3817e-06,0.0076135,1.7838e-06,0.027161,2.5689e-06,0.0015456,7.2719e-07,0.033862,1.7715e-06
13.3,0.93766,0.034209,1.8348e-06,0.052485,5.6421e-07,0.01856,4.4715e-07,0.006921,4.3443e-07,0.0060909,5.0484e-07,0.027035,2.3935e-06,0.00026744,1.3735e-07,0.034883,6.0178e-07
13.35,0.93742,0.034455,0,0.049922,1.6852e-06,0.016024,2.3935e-06,0.0059405,7.7515e-07,0.0080325,5.7564e-07,0.021909,8.4234e-07,0.0030218,1.2348e-06,0.035139,0
13.4,0.93719,0.033566,8.7977e-07,0.053123,2.322e-06,0.015772,1.7815e-06,0.0081331,1.0236e-06,0.0042074,4.4922e-08,0.020545,3.8173e-07,0.0035823,7.6706e-07,0.029787,8.1321e-07
13.45,0.93695,0.035782,2.3396e-06,0.054868,4.0802e-06,0.013204,1.2944e-06,0.010346,3.0704e-07,0.0039559,1.3547e-06,0.021769,2.7666e-06,0.00020757,6.722e-08,0.03076,2.9103e-07
13.5,0.93672,0.035237,2.4302e-06,0.055508,7.1794e-07,0.015799,3.4593e-06,0.011503,3.009e-07,0.0034351,9.8163e-07,0.016462,2.1235e-06,5.768e-05,1.0746e-06,0.028847,1.4903e-06
13.55,0.93648,0.037245,3.224e-09,0.055851,9.7275e-07,0.017879,2.1008e-06,0.012417,1.5102e-06,0.0033259,1.2556e-06,0.018755,1.3431e-06,0.001326,1.3615e-06,0.027716,1.2436e-06
13.6,0.93625,0.035681,2.1441e-06,0.054757,1.7858e-06,0.01582,2.8567e-07,0.017774,1.421e-07,0.00050981,6.7913e-07,0.017256,1.1037e-10,0.0016403,2.2035e-06,0.028049,9.0959e-07
13.65,0.93602,0.038193,1.7542e-07,0.052887,2.3903e-06,0.015989,4.5781e-07,0.015508,3.6015e-07,0.00059894,7.313e-07,0.016305,4.6799e-07,0.00090074,1.5067e-06,0.0303,2.1245e-06
13.7,0.93578,0.03819,5.2293e-07,0.049763,3.406e-06,0.012126,5.3069e-07,0.016351,4.2803e-07,0.00071037,4.665e-07,0.012721,2.2928e-07,0.0044785,3.76e-06,0.03135,5.7998e-07
13.75,0.93555,0.040018,8.2674e-07,0.054434,2.0008e-06,0.010723,3.7598e-07,0.017172,1.482e-06,0.002428,2.3844e-06,0.011789,9.6607e-07,0.0014495,1.2362e-06,0.029953,2.1521e-06
13.8,0.93531,0.040703,1.915e-07,0.05517,3.6767e-06,0.014271,1.4678e-06,0.019002,1.6192e-07,0.00071924,1.7303e-06,0.017414,2.3383e-06,0.00086066,0,0.031646,1.3963e-06
13.85,0.93508,0.043356,3.6262e-07,0.051598,4.614e-06,0.011234,1.6593e-06,0.020369,8.2494e-07,0.0048636,2.2495e-06,0.017566,1.4683e-06,0.0043094,8.799e-07,0.034475,1.9438e-07
13.9,0.93484,0.043582,2.4994e-06,0.050433,5.5588e-06,0.0087356,1.5137e-06,0.020208,4.497e-07,0.0051904,6.0615e-07,0.017634,1.1887e-06,0.0035206,9.9642e-07,0.03589,1.687e-06
13.95,0.93461,0.043963,2.8219e-06,0.053201,6.8893e-06,0.0074574,0,0.017593,1.1551e-06,0.0024031,5.9191e-07,0.014957,1.3319e-06,0.00062022,9.8538e-07,0.037713,6.1298e-07
14,0.93437,0.045512,8.3819e-09,0.056585,7.3621e-06,0.0054253,5.2459e-07,0.020089,9.8053e-07,0.0039345,9.1943e-07,0.013375,3.1919e-06,0.00054182,6.4819e-07,0.037365,1.7468e-06
14.05,0.93414,0.046596,1.2956e-06,0.055345,3.9471e-06,0.004471,2.4439e-06,0.01884,8.7824e-07,0.0024004,6.4841e-07,0.011547,6.4368e-07,6.7149e-05,0,0.036732,3.1769e-06
14.1,0.93391,0.047764,9.0812e-07,0.056463,4.6902e-06,0.0058832,7.7939e-07,0.019094,1.5292e-06,0.0023033,1.062e-07,0.010428,2.0105e-06,0.00018196,3.1221e-06,0.038174,2.7482e-06
14.15,0.93367,0.046563,1.6794e-06,0.055035,3.6779e-06,0.0033006,2.1878e-06,0.019312,1.8442e-06,0.00092207,6.0417e-07,0.0086478,2.213e-06,0.0036067,7.766e-07,0.037088,1.5871e-06
14.2,0.93344,0.047487,4.2933e-06,0.057259,2.986e-06,0.0019842,6.6143e-07,0.01894,3.7053e-07,0.0060384,2.0622e-06,0.012314,3.8405e-07,0.0028047,6.9224e-08,0.038212,1.0259e-06
14.25,0.9332,0.052082,6.2584e-06,0.059318,5.516e-06,0.0021317,9.4245e-07,0.019493,6.8498e-08,0,2.025e-07,0.011554,3.5828e-07,0.0054228,5.7929e-07,0.038869,0
14.3,0.93297,0.051957,3.8295e-06,0.057094,5.6033e-06,0.0031212,1.0119e-06,0.021002,0,0.00012387,1.4226e-06,0.010613,5.845e-07,0.006298,6.8407e-07,0.042624,0
14.35,0.93273,0.054817,1.796e-07,0.059993,7.8955e-06,0.0048403,5.225e-07,0.016524,1.6389e-06,0.00098506,1.7653e-06,0.0099207,1.7526e-06,0.0071066,7.2337e-07,0.040323,1.6298e-06
14.4,0.9325,0.054043,0,0.059921,8.2435e-06,0.0062594,0,0.01592,9.6787e-07,0.0021267,2.5728e-07,0.007908,9.1533e-07,0.0058685,4.2184e-07,0.037222,5.0805e-06
14.45,0.93227,0.052997,0,0.058815,7.7969e-06,0.008625,1.6366e-07,0.013692,1.4664e-06,0.001161,3.35e-06,0.0077692,6.416e-07,0.0068595,2.0219e-06,0.035021,4.0386e-06
14.5,0.93203,0.05372,2.124e-06,0.061,6.086e-06,0.013412,1.2431e-06,0.016039,4.0476e-07,0,1.0973e-07,0.01119,1.446e-06,0.0086319,1.9662e-06,0.035792,1.459e-06
14.55,0.9318,0.056342,3.3502e-06,0.060982,9.7587e-06,0.012224,1.9433e-06,0.017462,9.3145e-07,0.0024333,1.536e-06,0.013826,4.265e-07,0.0085494,8.473e-07,0.033695,0
14.6,0.93156,0.054994,3.5167e-06,0.061943,8.3505e-06,0.012382,8.6121e-07,0.016088,9.7655e-07,0.0017281,0,0.017568,1.0769e-06,0.0097593,6.4926e-07,0.031152,3.0584e-06
14.65,0.93133,0.05312,4.4218e-07,0.060583,7.8416e-06,0.011227,9.7752e-07,0.014923,1.9368e-06,0.0038802,8.6709e-07,0.015333,1.8956e-07,0.0095346,3.9882e-07,0.028976,3.0728e-06
14.7,0.93109,0.050267,1.0724e-06,0.05914,7.07e-06,0.01305,7.3025e-07,0.012685,3.6512e-07,0.0039445,0,0.01606,1.1046e-06,0.011217,1.5451e-06,0.031343,1.8867e-06
14.75,0.93086,0.053553,4.5007e-07,0.058888,2.7008e-06,0.0099934,3.2508e-08,0.011605,1.1789e-06,0.0089916,2.106e-07,0.015321,9.6996e-07,0.012531,2.2278e-06,0.031193,1.1939e-07
14.8,0.93063,0.048873,8.0183e-07,0.061379,4.9814e-06,0.0096858,3.017e-06,0.013096,2.5503e-07,0.010046,9.5937e-07,0.016797,4.6802e-07,0.011733,7.4933e-07,0.030546,4.2769e-08
14.85,0.93039,0.049262,7.3181e-07,0.059943,5.9797e-06,0.010631,1.8566e-06,0.011378,2.1663e-06,0.0057602,1.6104e-07,0.016535,2.2604e-06,0.010573,1.4735e-06,0.029738,4.2379e-07
14.9,0.93016,0.050795,0,0.063665,8.8762e-06,0.01519,5.8435e-07,0.013241,1.4967e-06,0.0045362,4.0001e-07,0.014995,5.5691e-07,0.0074085,5.7839e-08,0.031122,3.3564e-06
14.95,0.92992,0.05111,2.8594e-07,0.064204,9.8004e-06,0.015904,1.5258e-06,0.013313,1.3305e-08,0.0031311,0,0.01612,1.7343e-06,0.0051115,9.161e-07,0.030406,3.0765e-06
15,0.92969,0.04724,2.6596e-07,0.061815,1.0932e-05,0.016845,2.7713e-07,0.017246,1.2419e-06,0.000715,1.6812e-06,0.0137,1.2916e-07,0.0071259,7.9749e-07,0.032253,6.397e-07
15.05,0.92945,0.049018,3.0805e-06,0.062716,1.1172e-05,0.016879,2.5122e-06,0.017005,5.7089e-07,0.0015635,6.0373e-07,0.010757,1.056e-06,0.0054502,2.6881e-06,0.031234,4.0926e-07
15.1,0.92922,0.049648,5.337e-06,0.064302,1.3995e-05,0.016217,3.2146e-06,0.012045,3.1759e-06,0.0031794,6.0272e-07,0.0099958,1.3122e-06,0.0060263,2.4168e-07,0.031097,4.027e-06
15.15,0.92898,0.045279,3.4991e-06,0.066199,1.5237e-05,0.013413,1.5578e-06,0.014415,2.0136e-06,0.0040789,5.2421e-07,0.0081004,7.7678e-07,0.0023036,1.7985e-06,0.029337,1.7469e-06
15.2,0.92875,0.04525,5.0922e-07,0.067644,1.3939e-05,0.016575,1.3351e-06,0.015112,1.1472e-06,0.0051447,1.1785e-06,0.0072737,7.6399e-08,0.0013282,0,0.025968,1.2561e-06
15.25,0.92852,0.044748,2.6797e-06,0.069631,1.7489e-05,0.016363,0,0.014473,8.7589e-07,0.0042621,1.8703e-06,0.0077586,5.512e-07,0.00019791,7.7384e-07,0.024563,4.3626e-07
15.3,0.92828,0.050483,2.4992e-07,0.070061,2.0976e-05,0.014814,2.0194e-06,0.019515,1.8333e-06,0.0061007,2.4972e-07,0.01141,6.1948e-08,0.00020304,1.4722e-06,0.025352,7.5201e-07
15.35,0.92805,0.050852,1.6779e-07,0.070676,2.4821e-05,0.016482,1.0989e-06,0.019234,1.928e-07,0.0077464,8.7913e-07,0.0049651,2.876e-06,0.00214,5.0062e-07,0.024586,2.8054e-06
15.4,0.92781,0.049382,1.9771e-06,0.069363,2.9003e-05,0.018859,1.3561e-08,0.019678,2.4312e-06,0.0062371,1.1351e-06,0.004598,1.6452e-07,0.002063,0,0.023116,2.8019e-07
15.45,0.92758,0.048907,7.2983e-07,0.068697,3.4543e-05,0.018084,2.2952e-06,0.017919,3.668e-08,0.0071002,2.0899e-06,0.0039761,2.8928e-06,0.0012762,3.8928e-07,0.028001,2.9046e-06
15.5,0.92734,0.045604,1.0751e-06,0.070516,3.8861e-05,0.017238,7.4057e-07,0.016885,4.9893e-07,0.0076223,1.8541e-07,0.0082499,3.5537e-06,0.0042689,8.7022e-08,0.025944,2.2314e-06
15.55,0.92711,0.048252,2.1137e-06,0.070834,4.2539e-05,0.018897,9.2429e-07,0.019391,2.453e-06,0.0061407,1.2462e-06,0.0062721,2.0606e-06,0.0050991,5.1535e-07,0.029093,8.3609e-07
15.6,0.92688,0.045831,2.2995e-06,0.073503,5.1545e-05,0.019204,2.8202e-07,0.021489,2.9917e-06,0.0057509,2.8383e-07,0.010078,3.1887e-07,0.010167,1.294e-06,0.033148,1.0144e-07
15.65,0.92664,0.045587,3.7306e-06,0.072705,6.2762e-05,0.022496,1.9788e-06,0.021255,3.2771e-07,0.007954,0,0.0093469,0,0.010232,2.4353e-07,0.032431,1.272e-06
15.7,0.92641,0.046859,2.1149e-06,0.071072,7.7035e-05,0.022596,9.9834e-07,0.020145,7.9265e-07,0.011454,2.1146e-06,0.0076165,1.6279e-07,0.010702,2.6256e-06,0.034764,0
15.75,0.92617,0.048318,2.9886e-06,0.070198,9.5233e-05,0.022302,1.6071e-06,0.018564,1.8957e-06,0.0089296,6.8953e-07,0.0082179,2.0304e-07,0.0099796,8.9255e-07,0.030698,2.7676e-06
15.8,0.92594,0.052788,8.0548e-07,0.069053,0.00011207,0.022923,4.9436e-06,0.01748,1.5886e-07,0.0069688,2.567e-07,0.007133,1.8559e-06,0.0090737,5.6375e-07,0.030173,1.8513e-06
15.85,0.9257,0.051103,1.0646e-06,0.070817,0.00013854,0.02338,3.1876e-06,0.017412,2.0255e-07,0.0088474,1.8853e-06,0.0081018,0,0.0096414,7.7603e-08,0.027841,4.5071e-07
15.9,0.92547,0.051036,2.6489e-06,0.068719,0.00015978,0.023951,9.661e-07,0.018681,6.0278e-07,0.010642,1.5606e-07,0.0072877,1.2518e-06,0.0092303,9.0129e-07,0.023465,1.3888e-07
15.95,0.92523,0.053151,1.673e-06,0.068663,0.00019094,0.023302,7.5891e-07,0.016594,1.2343e-06,0.0080588,1.6611e-06,0.0054654,1.0861e-06,0.0072979,0,0.021128,7.007e-07
16,0.925,0.053795,4.0456e-07,0.065729,0.00021279,0.022451,5.1395e-07,0.014233,3.5955e-07,0.010655,3.5312e-06,0.010848,1.5678e-06,0.0073438,1.6162e-07,0.02494,4.0631e-07
16.05,0.92477,0.057099,1.4294e-06,0.064142,0.00022487,0.019736,3.0905e-07,0.016312,2.1064e-06,0.013109,2.6322e-07,0.010475,3.8739e-07,0.0051409,0,0.023857,1.7308e-08
16.1,0.92453,0.057441,4.3158e-07,0.062548,0.00022204,0.019588,1.6627e-06,0.012651,0,0.0099206,1.0683e-07,0.0078975,8.5229e-07,0.006092,0,0.02597,3.765e-07
16.15,0.9243,0.055755,2.3322e-06,0.062963,0.00022305,0.022431,1.4905e-06,0.013151,1.2731e-06,0.011408,2.4474e-06,0.0053623,8.1009e-07,0.0070139,1.6665e-06,0.027824,3.1684e-07
16.2,0.92406,0.053932,4.598e-08,0.06087,0.00022336,0.025242,3.3611e-08,0.014208,2.1151e-06,0.013943,1.0315e-06,0.0040116,1.6257e-06,0.0030797,9.4562e-08,0.03069,2.1041e-06
16.25,0.92383,0.05083,1.4764e-06,0.062363,0.00022034,0.025248,5.901e-07,0.012522,3.5012e-06,0.014747,2.9498e-07,0.005572,2.3571e-06,0.002787,1.2816e-08,0.029034,4.0879e-06
16.3,0.92359,0.051658,1.8771e-06,0.061428,0.00021962,0.024646,2.2946e-06,0.011387,1.384e-06,0.0093913,2.1865e-06,0.0039612,5.4593e-07,0,7.7726e-07,0.033235,1.3908e-07
16.35,0.92336,0.054723,5.2338e-07,0.062215,0.00021662,0.027143,1.2171e-07,0.0091337,5.0424e-07,0.013108,2.4541e-06,0.0032478,1.6942e-06,0.0023674,4.6104e-07,0.034081,2.7975e-06
16.4,0.92312,0.055087,4.0743e-07,0.061492,0.00021265,0.028703,9.7757e-08,0.0066345,0,0.011924,1.5547e-06,0.0031579,1.28e-06,0.00097516,7.3131e-07,0.038376,1.7078e-06
16.45,0.92289,0.055021,7.9973e-07,0.062441,0.00020628,0.027648,0,0.0033301,3.3514e-07,0.0098959,4.9839e-07,0.001479,2.3921e-07,0.0018366,3.756e-07,0.041082,8.1896e-08
16.5,0.92266,0.053735,1.9285e-06,0.062847,0.00020287,0.028836,4.4457e-07,0.0029226,2.321e-06,0.011268,1.0395e-06,0.0012053,2.1304e-06,0.0040434,3.0445e-06,0.037145,2.0911e-06
16.55,0.92242,0.052169,4.9412e-07,0.060947,0.00020721,0.028697,5.9666e-07,0.005165,2.0623e-06,0.011611,7.3402e-07,0.0084282,5.0167e-07,0.0061339,2.1808e-06,0.036706,0
16.6,0.92219,0.049261,8.2487e-07,0.058241,0.00019402,0.027692,8.7414e-07,0.0097411,1.7583e-06,0.011184,2.3967e-08,0.0067007,5.5398e-07,0.0049973,4.3609e-08,0.034347,1.6081e-06
16.65,0.92195,0.050521,9.093e-07,0.061071,0.00018069,0.028035,9.5731e-07,0.010047,1.2395e-06,0.010758,4.1818e-07,0.007266,7.4046e-07,0.0025028,4.0609e-06,0.037897,1.4203e-06
16.7,0.92172,0.049268,2.5973e-07,0.059194,0.00017535,0.029355,2.764e-06,0.009707,5.498e-07,0.012998,4.2109e-07,0.01007,9.9414e-07,0.00040585,2.7395e-06,0.036165,7.2185e-07
16.75,0.92148,0.051149,1.6437e-06,0.056204,0.00016208,0.029767,2.4751e-06,0.0091876,9.7483e-07,0.0095404,9.124e-07,0.0074148,5.5868e-07,0.0020373,4.3708e-07,0.030959,1.8432e-06
16.8,0.92125,0.048401,1.3008e-06,0.057162,0.00014239,0.03099,4.0816e-07,0.0071646,2.0302e-06,0.0090936,6.4315e-07,0.0096997,1.337e-06,0.0043349,8.2587e-07,0.032633,6.7347e-07
16.85,0.92102,0.047623,2.722e-07,0.056139,0.00012721,0.032888,2.4283e-06,0.0075915,0,0.0098322,3.4646e-06,0.0081565,0,0.0066862,3.7371e-06,0.035239,7.4866e-07
16.9,0.92078,0.048496,2.9676e-06,0.055101,0.00010786,0.036636,2.6487e-06,0.0069643,0,0.007369,5.3983e-07,0.0050582,1.2423e-06,0.0022793,1.1611e-06,0.035607,1.4564e-06
16.95,0.92055,0.046175,3.8417e-06,0.053729,8.8032e-05,0.031103,2.2275e-06,0.0053988,5.7977e-07,0.0064273,1.0666e-07,0.0089744,1.2131e-06,0.0035324,7.4558e-07,0.036721,4.9451e-07
17,0.92031,0.048357,1.5357e-06,0.054798,7.2939e-05,0.030361,2.0002e-06,0.0035604,1.5743e-06,0.0090833,1.3863e-06,0.0037337,1.4735e-06,0.006965,1.6438e-06,0.037991,0
17.05,0.92008,0.045704,4.2427e-07,0.054276,6.2728e-05,0.026561,3.5631e-06,0.00045722,1.0117e-06,0.0053229,1.1892e-06,0.00028469,3.4386e-06,0.006829,1.0364e-06,0.035645,2.0643e-06
17.1,0.91984,0.048054,1.9762e-06,0.057391,5.1065e-05,0.024962,1.5804e-06,0.00098706,2.3917e-06,0.0081761,1.1714e-06,0.00084181,3.2102e-06,0.008214,1.8958e-06,0.034429,0
17.15,0.91961,0.047165,3.0281e-06,0.056239,4.4865e-05,0.025013,7.5253e-07,0.0020782,1.4564e-06,0.0081783,1.7964e-06,0.0028011,1.7064e-06,0.0066585,5.9139e-07,0.031551,2.5447e-06
17.2,0.91938,0.047989,3.2435e-06,0.056217,3.7571e-05,0.025129,2.7681e-06,0.0037496,1.0359e-06,0.0096273,2.1025e-06,0.0066043,3.1188e-07,0.0064778,2.5475e-07,0.033759,4.1372e-06
17.25,0.91914,0.04204,1.4204e-06,0.057449,3.2926e-05,0.027584,8.8743e-07,0.0025374,9.5716e-07,0.0078353,3.1242e-06,0.0036035,2.5803e-07,0.00627,2.4871e-06,0.035567,3.0838e-07
17.3,0.91891,0.042743,5.23e-07,0.061674,3.2994e-05,0.027166,1.67e-06,0.0055942,1.1642e-06,0.0076793,1.1481e-06,0.0034374,3.7441e-07,0.00020883,9.3976e-07,0.03108,2.0121e-07
17.35,0.91867,0.043413,9.141e-07,0.062067,3.1066e-05,0.027276,0,0.0067111,1.5438e-06,0.0066166,1.9249e-07,0.0021415,5.0337e-07,0.0054283,0,0.033562,1.6076e-06
17.4,0.91844,0.049207,2.7752e-07,0.060477,2.8996e-05,0.026873,5.4835e-07,0.0065927,3.8769e-07,0.0071041,2.1058e-07,0.00086529,5.7005e-07,0.005021,2.513e-06,0.034093,1.2875e-06
17.45,0.9182,0.049049,3.0808e-07,0.059608,2.5062e-05,0.02996,1.8647e-06,0.0069792,1.9832e-06,0.0068943,1.1732e-06,0.00028044,6.5888e-07,0.0064468,1.6623e-06,0.035332,8.2754e-07
17.5,0.91797,0.053365,3.6193e-06,0.059012,2.561e-05,0.029275,1.1761e-06,0.0081183,9.5387e-07,0.0077667,9.7821e-07,0.002368,8.7301e-07,0.0067256,5.4439e-08,0.036044,6.5386e-07
17.55,0.91773,0.053112,7.8154e-07,0.05514,2.2748e-05,0.028138,1.5743e-07,0.0087807,1.9161e-07,0.0069606,0,0.0039854,8.2559e-07,0.0089537,1.2725e-07,0.03772,1.4128e-06
17.6,0.9175,0.050525,1.2889e-07,0.051391,1.8286e-05,0.029221,0,0.0079747,6.5223e-07,0.0052598,2.5559e-06,0.0045352,1.2091e-06,0.0080268,2.1776e-07,0.03567,0
17.65,0.91727,0.050475,1.3269e-06,0.052069,1.2119e-05,0.030667,1.7215e-06,0.010024,4.1441e-07,0.0090291,2.4549e-06,0.0021795,2.803e-07,0.0093722,6.3695e-07,0.040207,1.1439e-06
17.7,0.91703,0.049238,3.7757e-07,0.051309,1.0113e-05,0.031184,1.635e-06,0.010367,5.8485e-07,0.0068331,1.9076e-06,0.0019008,1.2871e-07,0.013397,0,0.037659,1.8061e-06
17.75,0.9168,0.048533,6.6316e-07,0.055567,8.6894e-06,0.031246,1.7061e-08,0.0087142,7.7767e-07,0.0055237,1.3847e-06,0.0026886,1.931e-06,0.010829,4.4965e-07,0.042171,1.3929e-06
17.8,0.91656,0.047436,1.0465e-06,0.056883,1.1449e-05,0.036027,2.3355e-06,0.0081902,2.1471e-06,0.0052075,2.2703e-06,0.0034457,5.3869e-07,0.0097085,1.6849e-06,0.043452,4.883e-06
17.85,0.91633,0.044997,4.6038e-06,0.05902,1.2939e-05,0.03549,2.2946e-06,0.0054849,9.8045e-07,0.0041013,2.5455e-06,0.0016612,9.2658e-07,0.010514,2.7542e-06,0.040807,3.8468e-06
17.9,0.91609,0.04902,1.7538e-06,0.062224,1.1466e-05,0.036966,4.1944e-06,0.0049472,1.0649e-07,0.0056708,0,0.0029148,1.9603e-07,0.011698,9.0472e-07,0.041673,2.5802e-06
17.95,0.91586,0.048497,1.9038e-06,0.06232,1.0367e-05,0.039047,2.2405e-06,0.0037619,1.0595e-06,0.0078602,6.5363e-07,0.0048967,8.1534e-07,0.012558,6.4971e-07,0.041529,2.7487e-06
18,0.91563,0.04535,6.7285e-07,0.063347,7.5334e-06,0.041553,9.3711e-07,0.0019512,3.1722e-06,0.0030719,6.9596e-07,0.0060589,5.3596e-07,0.012153,1.1587e-06,0.043229,1.8225e-06
18.05,0.91539,0.046975,2.6679e-07,0.062144,8.3748e-06,0.041834,1.387e-06,0.00055557,1.1391e-07,0.0066526,9.0375e-07,0.0041403,1.857e-06,0.01573,0,0.04309,7.6605e-07
18.1,0.91516,0.044185,5.2911e-07,0.061961,1.0354e-05,0.04164,4.0161e-07,0.001668,1.3436e-07,0.00696,2.4076e-07,0.0090365,3.1678e-07,0.015327,6.3037e-07,0.042301,2.5844e-06
18.15,0.91492,0.043808,2.433e-06,0.063245,1.039e-05,0.039015,4.5522e-07,0.0019153,3.5335e-07,0.0077547,5.3556e-07,0.0094057,2.5714e-06,0.01848,1.0263e-06,0.040292,3.0007e-06
18.2,0.91469,0.04534,2.1358e-06,0.0595,1.1037e-05,0.042907,2.6644e-06,0.00025869,2.7425e-07,0.0092946,7.6262e-08,0.010764,9.7302e-08,0.023147,4.3491e-07,0.037883,2.0542e-06
18.25,0.91445,0.042745,1.6393e-06,0.06235,1.1883e-05,0.041765,3.8654e-06,5.8394e-05,3.8631e-07,0.0080804,1.8278e-06,0.014034,1.761e-06,0.021243,7.7565e-07,0.03581,2.1239e-06
18.3,0.91422,0.046373,2.5893e-06,0.063387,1.0875e-05,0.03933,4.8335e-07,0.0043129,4.9663e-07,0.0064587,8.9446e-07,0.018811,7.4661e-07,0.018111,6.054e-07,0.037898,2.5595e-06
18.35,0.91398,0.045402,5.0189e-07,0.062109,9.3237e-06,0.040129,9.2017e-07,0.0097466,8.6802e-07,0.0076481,1.5759e-06,0.016711,0,0.011977,1.9456e-06,0.03891,2.0089e-06
18.4,0.91375,0.047621,2.2998e-06,0.0617,1.2339e-05,0.040446,2.6222e-07,0.0069333,1.7471e-06,0.0069282,1.4965e-06,0.020854,1.5479e-06,0.01155,1.1231e-07,0.043844,5.5051e-07
18.45,0.91352,0.047776,2.4419e-06,0.061211,1.0755e-05,0.039042,1.4584e-06,0.011409,1.3304e-07,0.0084304,2.6631e-07,0.023319,1.7836e-06,0.0075899,8.645e-07,0.042613,3.0701e-06
18.5,0.91328,0.047305,1.0063e-06,0.059819,1.226e-05,0.03852,2.5877e-07,0.01015,1.9796e-07,0.010375,8.1853e-08,0.023862,1.1015e-06,0.0081213,2.6064e-06,0.039454,7.1297e-07
18.55,0.91305,0.045302,3.5521e-06,0.05802,1.3966e-05,0.037216,1.2869e-06,0.0072176,1.1753e-06,0.007884,0,0.025334,1.1015e-06,0.0067525,7.0115e-07,0.037565,8.3083e-07
18.6,0.91281,0.043542,1.1441e-06,0.058808,1.4583e-05,0.039597,3.6283e-06,0.0089957,1.2874e-06,0.0060291,2.1032e-07,0.024403,1.5258e-06,0.0082367,1.4075e-07,0.041402,1.5833e-06
18.65,0.91258,0.047111,5.4828e-07,0.060072,1.534e-05,0.037505,2.9294e-06,0.0066432,4.4895e-07,0.0038174,6.589e-07,0.025028,3.8388e-07,0.0057228,0,0.043959,5.2304e-06
18.7,0.91234,0.04677,1.6283e-06,0.05955,1.5821e-05,0.037009,0,0.0054763,1.867e-07,0.0034582,3.7769e-07,0.023878,1.7316e-06,0.0037442,9.1451e-08,0.04403,8.2365e-07
18.75,0.91211,0.047434,0,0.060512,1.4462e-05,0.038106,0,0.0060026,2.4123e-06,0.00068964,8.4994e-07,0.023763,3.3189e-06,0.0049187,0,0.041182,1.3734e-06
18.8,0.91187,0.047428,0,0.062149,1.0564e-05,0.037853,6.7895e-07,0.0082757,4.0763e-07,0.00090644,2.7349e-07,0.022421,1.3643e-06,0.0057071,1.0879e-06,0.044376,4.0614e-06
18.85,0.91164,0.048461,1.3593e-06,0.061491,1.1874e-05,0.037481,9.9629e-07,0.0095108,7.4545e-07,0.0044945,9.732e-07,0.022862,1.3802e-06,0.0098726,7.8982e-07,0.046789,2.8361e-06
18.9,0.91141,0.050426,1.8782e-06,0.060103,9.978e-06,0.04227,2.0981e-06,0.010524,5.0021e-08,0.0090552,2.0776e-06,0.025416,6.7259e-07,0.013114,6.2635e-07,0.048012,2.6991e-06
18.95,0.91117,0.049275,3.0183e-06,0.059,1.0987e-05,0.046855,3.7773e-06,0.007796,8.9832e-07,0.01226,3.247e-08,0.024725,6.2926e-07,0.01163,3.2547e-07,0.050557,1.2605e-06
19,0.91094,0.053453,8.7632e-06,0.058755,1.1539e-05,0.042792,4.0328e-06,0.010924,1.0018e-06,0.011816,0,0.024158,2.4643e-07,0.011581,2.2401e-06,0.051217,3.8764e-06
19.05,0.9107,0.057574,5.0235e-06,0.059057,1.5968e-05,0.044187,2.301e-06,0.0084602,3.0488e-07,0.0090033,1.2527e-06,0.025076,1.9246e-06,0.011653,2.7255e-06,0.050757,5.4486e-08
19.1,0.91047,0.058284,3.916e-06,0.05903,1.3728e-05,0.045869,6.0754e-07,0.0065617,1.9624e-06,0.011077,2.4418e-06,0.024756,0,0.011919,2.132e-06,0.049966,1.5712e-06
19.15,0.91023,0.061056,5.1263e-06,0.059895,1.081e-05,0.043694,2.2705e-06,0.0024363,1.0547e-06,0.011419,0,0.02558,1.1633e-06,0.013735,2.4326e-07,0.05287,3.2211e-06
19.2,0.91,0.063575,2.6859e-06,0.057568,1.0691e-05,0.047613,6.1158e-07,0.00093191,4.4818e-07,0.010936,7.2106e-07,0.030392,1.0528e-06,0.013219,2.2027e-06,0.053675,3.9867e-06
19.25,0.90977,0.065828,4.9752e-06,0.061317,9.3552e-06,0.04683,9.4278e-07,0.0012625,1.525e-06,0.0082411,1.8902e-06,0.026116,2.0184e-06,0.011069,3.1597e-07,0.0533,2.8339e-06
19.3,0.90953,0.067261,6.478e-06,0.063616,5.7181e-06,0.048047,4.6709e-06,0.0049303,1.7226e-06,0.011348,1.3245e-06,0.027003,2.8498e-06,0.0068303,2.0119e-06,0.051951,1.1185e-06
19.35,0.9093,0.069384,1.2791e-05,0.067633,7.9421e-06,0.047441,4.6498e-06,0.0066966,1.8881e-06,0.010719,5.2096e-07,0.024254,1.1615e-07,0.0068025,7.6163e-07,0.05468,6.5801e-07
19.4,0.90906,0.067928,1.574e-05,0.067077,1.2233e-05,0.048418,2.1061e-06,0.0043552,1.0627e-06,0.013264,2.6345e-06,0.024983,7.2158e-07,0.0068514,2.7692e-07,0.052401,3.4421e-06
19.45,0.90883,0.065348,1.5836e-05,0.068984,1.5412e-05,0.049728,1.4399e-06,0.00076768,1.1903e-06,0.017224,1.1001e-06,0.026418,2.6409e-06,0.0056854,5.4957e-07,0.053617,1.8046e-06
19.5,0.90859,0.065347,1.4929e-05,0.068682,1.7322e-05,0.049603,9.92e-07,0.0026112,2.631e-06,0.016916,1.6196e-06,0.027916,3.0122e-06,0.0083604,0,0.052441,1.145e-06
19.55,0.90836,0.064299,1.6621e-05,0.069616,1.6261e-05,0.046392,2.1413e-06,0.0010019,1.7012e-06,0.01626,2.5086e-07,0.027609,1.3546e-06,0.0088422,3.6157e-08,0.051369,3.2279e-06
19.6,0.90812,0.063148,2.2605e-05,0.068237,1.4454e-05,0.049536,2.0583e-06,0.0050047,1.4771e-06,0.01737,2.7006e-06,0.027505,1.0246e-06,0.012029,2.7954e-06,0.048076,2.2005e-06
19.65,0.90789,0.065741,2.0293e-05,0.068883,1.9835e-05,0.052334,1.6026e-06,0.0015737,0,0.015702,2.6012e-06,0.025875,5.3916e-07,0.015402,7.4545e-07,0.047617,2.4995e-06
19.7,0.90766,0.068244,1.8553e-05,0.069878,2.3158e-05,0.055022,2.5964e-07,0.0010433,1.0304e-06,0.016386,2.2025e-06,0.026696,2.1456e-06,0.014278,1.8316e-06,0.047896,3.6572e-06
19.75,0.90742,0.070898,2.0523e-05,0.07003,3.1003e-05,0.058556,1.8454e-06,0.0010683,1.3508e-06,0.014283,5.9261e-07,0.021665,1.0492e-06,0.012933,1.5021e-06,0.046576,5.0619e-07
19.8,0.90719,0.065836,2.2519e-05,0.071858,4.2084e-05,0.061531,1.1877e-06,0.0014378,1.5024e-06,0.01262,1.7488e-06,0.020092,2.69e-07,0.011998,1.87e-06,0.047346,1.0215e-06
19.85,0.90695,0.066175,2.1888e-05,0.073196,5.2719e-05,0.060488,4.2134e-06,0,1.9253e-06,0.013897,1.4611e-06,0.019268,7.9934e-07,0.013173,7.6217e-07,0.051981,8.5322e-07
19.9,0.90672,0.064742,2.1253e-05,0.074764,7.0765e-05,0.059041,4.0914e-06,0.00050642,8.792e-08,0.016468,1.9605e-07,0.01764,1.7422e-06,0.0072665,0,0.049364,3.4937e-07
19.95,0.90648,0.064469,2.2429e-05,0.072447,9.3445e-05,0.0586,2.8897e-06,0.0038961,7.2547e-07,0.014854,2.8178e-06,0.016644,3.3179e-06,0.0061665,9.2473e-07,0.048793,7.0236e-07
